Name	MAE	MSE	RMSE	R-square	PCC	Spearman	Sample size
(R)-(+)-Etomoxir (sodium salt)	0.045575165032014114	0.0029524067120464187	0.05381626877105154	-0.23079893101844143	0.42871329459067764	0.47032967032967027	13
968	0.0984668892665643	0.013949234414712153	0.11684054319375621	-0.11228431607210472	0.2997760216270827	0.17472527472527472	13
A-804598	0.03408228780270833	0.0021225232792644083	0.045825227839650165	-0.8310106572524326	0.4314984353707468	0.4362637362637362	13
ABIRATERONE	0.029827935291485412	0.0014695837419392412	0.037831280938190825	0.43135894082850557	0.6649441909566713	0.6483516483516484	13
ABT-199	0.05786093030479872	0.004713798581570708	0.06843193416588547	-0.3125019687756224	0.21553968627646053	0.2714285714285714	13
ABT-737	0.06839047122119463	0.006812926124196393	0.08189170614630617	0.014973183280179093	0.28077531849768295	0.3637362637362638	13
AC55649	0.04465423919462315	0.003673472779704865	0.0603376432544695	-2.1797668527922665	-0.013917269907139498	0.14065934065934066	13
AFATINIB	0.11240566062553112	0.020129861356997875	0.14131455661369657	0.45224700590806693	0.7447018999035347	0.7549450549450549	13
AGK-2	0.034755144534211156	0.0016845962573142474	0.04102746305403361	-0.1519197913601409	0.38658469427543124	0.4978021978021978	13
ALISERTIB	0.05080880047056675	0.003791334621648792	0.06107721163009218	0.3400107550058108	0.6030471229176577	0.48681318681318675	13
ALVOCIDIB	0.09153088912479693	0.011332922874435282	0.10617992376323118	0.5456943232874665	0.7581658919869859	0.5285714285714285	13
AM-580	0.05385717362616649	0.0047257274371894	0.06857372642167299	-0.7954681524215003	-0.12107239256876705	-0.10598221215624751	26
APICIDIN	0.09007093559533817	0.015277721192133406	0.12326530057747945	0.059990559383607714	0.3554980793419189	0.34285714285714286	13
AT-406	0.10040932727294886	0.01737216181540853	0.13124861492228024	-0.0359072692335106	0.254350965359718	0.3494505494505495	13
AT13387	0.1480180214083745	0.032749800929574566	0.17999055473814785	-0.05886676581661652	0.1448101361222021	0.12527472527472527	13
AT406	0.09062978039786632	0.01617078375669052	0.12689413376475414	0.013109666733484748	0.2902197369422503	0.33296703296703295	13
AT7867	0.20637767451689798	0.06922247943884904	0.2621155558801666	-0.3844890696324463	-0.4777431398837166	-0.6131868131868132	13
AXITINIB	0.0490854333381011	0.003927655597325237	0.06255498988043903	-0.9114749474136108	0.2574557268806486	0.25164835164835164	13
AZ-3146	0.05192223842351438	0.004796221453005031	0.06848684708273875	-2.0250528289134153	-0.007906445548115638	0.02857142857142857	13
AZACITIDINE	0.09418758536432341	0.018846122122312646	0.13688445881391414	0.17063723152126184	0.515748835649109	0.48241758241758237	13
AZD1480	0.08680258705398118	0.01351094990237603	0.11618800266421928	-0.10558211635052203	0.09668934857198005	0.1769230769230769	13
AZD4547	0.06538932984057023	0.008318719272640055	0.09091717757287686	-0.041593652997056155	0.25128264883551454	0.2571428571428572	13
AZD6482	0.08551702162716938	0.01007110515808782	0.10021819849769471	-0.0977593910447571	0.24295800898175726	0.2230769230769231	13
AZD7545	0.030871874675151383	0.001557282660495191	0.03866084117232294	0.014433687693438358	0.4518099591610782	0.4758241758241758	13
AZD7762	0.22082691892681935	0.06988246663698434	0.26389633732845724	-0.2790947216816872	-0.17850273651873888	-0.06483516483516483	13
AZD8055	0.11621350013586192	0.017623924461727742	0.1323314007695827	-0.22138704213871474	0.38549100053895347	0.4054945054945055	13
BAFILOMYCIN A1	0.15688913638613772	0.034899321210624126	0.18610190417441205	0.3077697778933093	0.5833222357844201	0.4736263736263736	13
BARASERTIB	0.042643053904071956	0.0030804204717122573	0.05509670563169069	0.0596493872063508	0.49366939630362594	0.4725274725274725	13
BARDOXOLONE METHYL	0.12640032371124854	0.027729444727798546	0.1659969435714708	-0.23209727678172767	0.05833350932715738	-0.013186813186813178	13
BAX CHANNEL BLOCKER	0.061708317288765545	0.005590758291708195	0.07460989612979711	-0.7607048826373348	0.139947449797322	0.11538461538461538	13
BEC	0.04282758322357509	0.002485967710816199	0.04963822359705365	-0.09079736087569601	0.333936271844974	0.3571428571428571	13
BELINOSTAT	0.12000793023461565	0.025745395295633893	0.1598423185945988	0.22321259655552278	0.5136058492142067	0.49120879120879124	13
BEXAROTENE	0.07247717692015354	0.008871310084609993	0.09413567942256948	-0.8112727503762013	-0.30383398983569826	-0.19670329670329673	13
BI-2536	0.1315228212879071	0.029132747540280123	0.16946037461350244	0.13237328649814714	0.3858809863816418	0.5164835164835165	13
BIBR-1532	0.032532803861353585	0.0016813167743607621	0.040354563588365845	-0.009210921323464039	0.5234967202156945	0.4868131868131867	13
BIRB-796	0.07552870498473499	0.009794170397978334	0.09854283613960255	-0.11670704598947476	0.15959806928881587	0.2879120879120879	13
BIRINAPANT	0.16140250912785165	0.03739607969404227	0.1928292692919885	-0.06759794026703617	0.1681024253570119	0.12857142857142856	13
BIX-01294	0.0855710777084644	0.01236628144794543	0.11035711976705567	0.06167620389915509	0.3591375364724284	0.39230769230769236	13
BLEBBISTATIN	0.04626494021050526	0.003675759794159142	0.05976456520299113	-2.083627542190056	-0.13659714785697066	-0.02527472527472528	13
BLEOMYCIN	0.08955829949281949	0.011372554267751975	0.10636028462908129	-0.8416087146579418	-0.11519939371189844	-0.13956043956043956	13
BMS-195614	0.033707999259259144	0.001958111900253101	0.0440364616971161	0.11564551595662102	0.5015747553382169	0.4461538461538462	13
BMS-270394	0.042797565766466206	0.0029921960841855547	0.053805504546643526	0.1960149408616909	0.508167727579274	0.5175824175824175	13
BMS-345541	0.05155489351443694	0.004564676925234037	0.06704783338061246	0.35706077478488074	0.6362536860782482	0.6571428571428571	13
BMS-536924	0.1340749867916415	0.024053006553036778	0.15428852533013096	-0.2663099784941095	0.01750900457699659	-0.041758241758241735	13
BMS-754807	0.18063490009665123	0.03908060629832888	0.19763266789083686	-0.4657715254930054	-0.22299770058434093	-0.21428571428571427	13
BORTEZOMIB	0.052924306804070086	0.0036798252302700763	0.06037229793130859	0.31046198078164605	0.7833151069419176	0.3164835164835164	13
BOSUTINIB	0.052448538329368376	0.005480054047124805	0.07392895566657146	-2.167501360179929	-0.20696407449383103	0.07142857142857142	13
BRD 9876	0.03862498369452551	0.0022592003676781976	0.04736878752161201	0.11246412883557766	0.45768832650241703	0.4472527472527473	13
BRD4770	0.03864584130467342	0.002663472482330255	0.051181255086984435	-2.232157185412052	-0.07272063719174832	-0.08351648351648351	13
BREFELDIN A	0.1383471001730699	0.028076141527796826	0.16651241629205565	-0.1991040270414187	0.20973534426775742	0.08571428571428572	13
BRIVANIB	0.04976485136907321	0.0042482216297979455	0.06445994666085857	0.10227553720857005	0.369033309320602	0.41318681318681316	13
BYL-719	0.08742460056312268	0.012077137836680766	0.10971908333109393	0.098841386909294	0.3750541086462472	0.14615384615384616	13
C6-CERAMIDE	0.04322984011905414	0.0025139263834558913	0.04993628850293588	-2.960716152884895	-0.08305631179499483	-0.10989010989010987	13
CABOZANTINIB	0.04969046052129452	0.0036516785241242486	0.06022001227287497	0.06447426001881447	0.533429037637578	0.49010989010989015	13
CAL-101	0.05147005829740488	0.004641137653843207	0.06770689481948983	-0.09512045234137975	0.3910837186361899	0.49120879120879124	13
CANERTINIB	0.07946823933362006	0.009562364115494128	0.09687945679695364	0.1709613394931047	0.4798451001335449	0.4208791208791209	13
CAY10576	0.0475225503090835	0.003777181500469469	0.061130022308180834	-0.46474824064802556	0.13559396326674583	0.2604395604395604	13
CAY10594	0.05649453638900831	0.00790132882909201	0.08848733134680868	-0.016885032177320358	0.23263152340526067	0.42747252747252745	13
CAY10603	0.14269218617419097	0.04134112370837426	0.20254190901486685	0.15621855401312087	0.4233731445098948	0.6021978021978023	13
CCT036477	0.05701298723812653	0.006774788443475441	0.08196337506044615	-0.43190406531352554	-0.13649418028923493	0.11538461538461539	13
CD-1530	0.045915973471929106	0.0034684676828727876	0.05881356646824195	-0.03145020270277885	0.4026895206542334	0.27362637362637354	13
CD-437	0.08433936805923169	0.010435771312410294	0.10207459277699067	0.1513277531443572	0.39995402647826656	0.39780219780219783	13
CEDIRANIB	0.06174171229259693	0.011000663604302807	0.10479840492587852	-0.9968522411964787	-0.39143989327367096	0.16483516483516486	13
CERANIB-2	0.05051967680050905	0.004095729135116423	0.06388512359972878	0.4068811118769534	0.6615582585693578	0.6154923731839067	26
CERULENIN	0.04353960728562979	0.002723583694984762	0.0520844473301208	-0.012961406751363725	0.3289171702002721	0.18351648351648348	13
CH-55	0.05858626055773954	0.004693925088682503	0.0677573016007709	-0.8481915143394827	-0.03493561739813764	-0.04945054945054944	13
CHIR-99021	0.0424479380766025	0.003010006468318671	0.05398424019801962	-0.013765808284919712	0.3823489411541086	0.45054945054945056	13
CHLORAMBUCIL	0.04669855863820949	0.003356723534106107	0.05751354576038727	-0.22773372163957228	0.46078332065960004	0.43076923076923074	13
CI-976	0.03822597532892942	0.0023670749646238103	0.04842776750997617	-0.2554791258221014	0.4161931825827055	0.42625803223417214	26
CICLOPIROX	0.07673493538633677	0.008261186381712176	0.08983153438074717	-0.658418223025351	0.11277604727143106	0.13186813186813187	13
CID-2858522	0.03388537741510318	0.0018861101166250626	0.04320238053744964	0.19225235494421652	0.5554705824503356	0.532967032967033	13
CID-5951923	0.0410557914194936	0.0024061352816604586	0.048153301531995395	0.08913627555907896	0.4653851614258403	0.42857142857142855	13
CIMETIDINE	0.030496847297858825	0.0014070269912737484	0.0368742697621588	-0.18965919907739792	0.5895694353220929	0.6857142857142857	13
CISPLATIN	0.0340623696154257	0.0020113100648515114	0.044168958172105276	0.24809170687486745	0.5539640168906372	0.5351648351648353	13
CLOFARABINE	0.1319139944031022	0.02597476165104153	0.16030947243781107	-0.0469762803805549	0.208845412913567	0.22747252747252747	13
CRIZOTINIB	0.06839477153702883	0.006601823577146761	0.08071470151216525	0.3817249699707915	0.6310870735772488	0.5703296703296703	13
CUCURBITACIN I	0.19430861117333637	0.04877016834706628	0.22048187232876115	0.24363661475958054	0.5562881438604806	0.41868131868131864	13
CURCUMIN	0.05846074565731561	0.004823968832685063	0.0693141528408691	0.21948314954868264	0.5443236164907137	0.3197802197802198	13
CYCLOPHOSPHAMIDE	0.037811159062270526	0.002508799447954409	0.04990582152936403	-0.14086650315128055	0.38066567268508805	0.3824175824175825	13
CYCLOSPORIN A	0.04248801835185014	0.0030885600392983	0.055490155281858	-0.9744181721656731	0.16868900324524344	0.12527472527472527	13
CYTARABINE	0.10509092092720032	0.018331566152541882	0.1340830605827224	0.2788517369708196	0.5961756013492114	0.6527472527472528	13
DABRAFENIB	0.04365633563087537	0.0033850349281883225	0.05788239543235688	-0.15454183457830717	0.3006229368129173	0.2725274725274725	13
DACARBAZINE	0.034635486607473814	0.0019080933268524531	0.04356840507397417	-0.7530033433667214	0.2561142804806166	0.2637362637362637	13
DAPORINAD	0.1977006988380139	0.05856536267238732	0.24128912966941626	0.26302283913533636	0.5561575455043775	0.4054945054945055	13
DARINAPARSIN	0.04789575264799815	0.003142228357367961	0.055763503959853945	0.13720720913845985	0.42259885673869785	0.3989010989010989	13
DASATINIB	0.13034855863193	0.027754125388638334	0.16633702094478237	-0.5430847742859723	-0.2658258158365565	-0.07252747252747252	13
DBEQ	0.07868423189143034	0.009562863681245776	0.09749448207302977	0.11992063006861287	0.3805485539508924	0.31758241758241756	13
DECITABINE	0.053447037756130876	0.0044430535594524685	0.06383436352438927	-1.558995961227669	0.6735377303807415	0.6868131868131868	13
DEXAMETHASONE	0.044940262694801184	0.003468699551196551	0.05854050214435622	-0.6953763118979437	0.006909728177905722	0.13076923076923075	13
DINACICLIB	0.12694501262077917	0.022522116488958736	0.14962373626033534	0.34514157461642886	0.6548333490536334	0.3098901098901099	13
DNMDP	0.032566596829572095	0.0017860109500709594	0.0420371153433429	-0.05648088323309928	0.4815233706370304	0.42747252747252756	13
DOCETAXEL	0.04904542259878379	0.003709683278902006	0.0599511190764642	0.601086559935631	0.7993667459697587	0.6758241758241759	13
DOXORUBICIN	0.11179144970373009	0.019120052841104733	0.1378597942309543	-0.005632587099969832	0.3201661753362755	0.2010989010989011	13
ELOCALCITOL	0.10418714088301842	0.01688906245887891	0.1295483597285596	-0.8073175979039178	-0.34374207135169726	-0.3098901098901099	13
EPIGALLOCATECHIN GALLATE	0.03332733662755673	0.0015463745605384916	0.03814633989506937	-0.6351886849899749	0.6431073600523473	0.6923076923076923	13
ERASTIN	0.029635584423081323	0.0012535051042275225	0.035286175450667756	0.5218722539301581	0.7692815401558758	0.7	13
ERLOTINIB	0.08274603848325289	0.008999107246001906	0.09442411147021187	0.42840040663297857	0.6704627849713101	0.5604395604395604	13
ETOMOXIR	0.05158234329034732	0.004357489781547177	0.06573011196206606	-1.0723383956979131	0.1765847790036638	0.21868131868131865	13
ETOPOSIDE	0.05292396769820579	0.0046006692153762645	0.06776327320458346	0.09802347149158505	0.4474377329869724	0.43076923076923074	13
EX-527	0.03239003369116285	0.0014959687821945757	0.038371754766439045	0.12337261519406803	0.6322936853170142	0.6131868131868131	13
FGIN-1-27	0.03826452185747476	0.0021270799702242616	0.045921765208957584	-0.8122254849931967	0.32396526834595696	0.27912087912087913	13
FINGOLIMOD	0.06524936097379831	0.008364268538464167	0.09016196742229649	-0.6861535818994158	0.0906666261782647	0.21538461538461537	13
FLUOROURACIL	0.04367465549405465	0.0030275223770547138	0.0544614677295173	-0.5004421313203227	0.15482419444918138	0.10659340659340659	13
FLUVASTATIN SODIUM	0.12088309249157174	0.019985906419297622	0.1404974566752633	0.0670367593661824	0.3561580340525123	0.3450549450549451	13
FORETINIB	0.07770801857133096	0.009049212347532266	0.09458294569770646	0.1637385437745859	0.4794655616271541	0.3681318681318681	13
FSC231	0.040875801912978973	0.0023897290617172855	0.04836098654892883	-0.14374737626992845	0.37692913536700096	0.3505494505494505	13
FULVESTRANT	0.05491695165655356	0.006146518995438685	0.07823962796427006	-0.9573898700879365	-0.19369803525018267	0.002197802197802192	13
FUMONISIN B1	0.040519471877860105	0.0026336042445379883	0.051305697449238685	0.043573269349193124	0.414097093326666	0.5525397206638102	26
GANT 61	0.03843884125704948	0.0024388408717689867	0.04908440868263913	-0.488594784721695	0.3115692481071443	0.3384615384615385	13
GDC-0879	0.05171464783783142	0.004526717032505623	0.06722758285266411	0.3281940322471562	0.5992683393895761	0.5571428571428572	13
GDC-0941	0.13230177863905615	0.03053298866746874	0.1745271337057753	0.036728446612090696	0.251398959071344	0.18021978021978025	13
GEFITINIB	0.0774723988661546	0.0108504345075633	0.10402260014643605	0.3201305922740129	0.5863647351776193	0.6373626373626372	13
GEMCITABINE	0.15232858425437484	0.03329261536943137	0.18205580771656535	0.06014225279755636	0.29896430275957814	0.3802197802197802	13
GMX-1778	0.20174673656155512	0.059574176951906255	0.24248843671225453	0.26110059898464283	0.5929473838141872	0.4252747252747252	13
GOSSYPOL	0.050206353692306006	0.004575632771380581	0.0669684046607206	-0.49628566909336025	0.32055243601312344	0.24285714285714288	13
GSK-J4	0.08782089689164894	0.010165018392634848	0.1001063505835281	0.07342151189862874	0.38668745821293243	0.32307692307692304	13
GSK1059615	0.034991566663588006	0.0019306753153218044	0.04391432206338063	0.2804481917204476	0.6940786093194068	0.656043956043956	13
GSK2636771	0.05479330008681994	0.0046709606926661545	0.0682495946372393	-0.44762143968761914	0.00927093103895676	0.02747252747252747	13
GSK4112	0.02763532479526263	0.001166627736574291	0.033544709409600505	0.10365747729464099	0.7086943112410149	0.7703296703296703	13
GSK461364	0.05850727214518694	0.004883097656137532	0.06982577587786958	0.3947204686171607	0.6393998232852671	0.5	13
GSK525762A	0.17097885407292512	0.07895543089979724	0.28064708958411294	-0.16130970156637434	-0.0986642348571872	-0.0021978021978021982	13
GW-405833	0.04765798751250321	0.0035880361800925123	0.059668920126504064	0.16959255490396122	0.4675907909116364	0.44640551845687104	26
GW-843682X	0.05397008540059787	0.004194001404577646	0.06446299433054219	-0.7130675093989822	0.3590971792453546	0.4098901098901099	13
HBX-41108	0.09803478604102317	0.01500009196405784	0.12224866571423176	-0.6938072006472147	-0.3058752877836522	-0.1791208791208791	13
HC-067047	0.0833457639414549	0.015775852055019197	0.12491475936219532	-0.05947015631690318	0.23875471732181022	0.4472527472527473	13
HLI 373	0.037770951296789465	0.00240339138580152	0.04884506923192752	-1.2788348013867423	0.3754592882435718	0.4725274725274725	13
HMN-214	0.04321368309319937	0.0033484231476097427	0.0576656848303452	0.5948667764007813	0.7785191501270743	0.7954987936544768	26
HOMOHARRINGTONINE	0.09627517907465422	0.014331174253766931	0.11907451922640203	0.149420942766245	0.5053509236995924	0.29230769230769227	13
HYPERFORIN	0.10407994749733851	0.030239914187508453	0.1732471510273401	-0.29428181539096493	-0.13973518508301214	-0.04615384615384614	13
I-BET151	0.2122069555304032	0.10364887731879872	0.32141780399040043	-0.296135053278437	-0.33588746738759206	-0.18901098901098903	13
IBRUTINIB	0.09482575534292001	0.01177661946929837	0.10805826114532588	0.21311542132055789	0.4785873998047145	0.4021978021978022	13
IC-87114	0.04244709124732201	0.00262968758425218	0.05093257011862112	-0.542819061526288	0.30755342599435576	0.3197802197802198	13
IFOSFAMIDE	0.04015512877694753	0.0023544988260238682	0.048071419638644274	-0.6207853519164944	0.2514847415680343	0.27032967032967037	13
IMATINIB	0.03505171241046649	0.002442148184150702	0.0486231315072213	0.13536822257890596	0.6411936499555765	0.6714285714285715	13
IMPORTAZOLE	0.05737431558126669	0.004901062041015286	0.06979404008966347	0.31480479354029206	0.5841530929647802	0.5274725274725275	13
IPR-456	0.039564176380625135	0.0024816575616362054	0.04922059788523213	-0.3805623018611282	0.11697702889510139	0.1791208791208791	13
ISOEVODIAMINE	0.044308128199931296	0.004547113376937234	0.06698976632248284	-0.5383460364134703	0.06902511005330447	0.2527472527472528	13
ISOX	0.09907837594230358	0.01784052581163673	0.13255733298711397	0.39797980518177195	0.6787892667349396	0.6362637362637363	13
ISTRADEFYLLINE	0.03128914536241935	0.0015117689784395747	0.03783514734288258	-0.06646713077970881	0.5699796014728147	0.5901098901098901	13
ISX 9	0.06740574532518992	0.0074039671055382335	0.08596786310416821	0.16235356716251653	0.415290241350977	0.3612363665152523	26
ITRACONAZOLE	0.1035029328687899	0.02622164140584956	0.161644165150259	-0.4591718010337269	-0.22862833581151137	-0.012087912087912088	13
IU1	0.04138615561650057	0.0028762038750930067	0.0502392847859804	-1.067459127756571	0.5405366973373222	0.5703296703296703	13
JNJ 26854165	0.08388686565123707	0.01341246174964859	0.11520406759420217	0.15692699809035737	0.4412485627777136	0.44835164835164837	13
JW-480	0.056801630593494634	0.0051517645269613995	0.07120670037564303	-0.45120159676683336	0.24300604899803604	0.26153846153846155	13
JW-55	0.03749800532607446	0.002094639491129868	0.04537056338028265	0.25446750620684117	0.5833293960384391	0.5586322780110308	26
JW-74	0.04113564817595775	0.002524109566460567	0.050172175618636516	-1.6252962628573862	-0.05999143125051565	-0.045054945054945054	13
KH-CB19	0.036331062361085964	0.0026493223615167982	0.05114890399401502	-0.45172150045801035	0.22695416269721552	0.3802197802197802	13
KHS101	0.1216750610827666	0.026361467702027925	0.1616589844008433	-0.5896273049476465	-0.2807971817872693	-0.21648351648351646	13
KI8751	0.04357393987713593	0.0030995716500790164	0.055610895002886705	-0.8281545722776016	0.2504564004533024	0.3	13
KO-143	0.04961668053283104	0.00435151525225476	0.06569354130758025	-0.6534393216832154	0.07624265930736848	0.23460087463221813	26
KU 0060648	0.049299782948132656	0.004106942953655113	0.06376366509777717	-0.2529091249230011	0.18581256052863598	0.27362637362637365	13
KU-0063794	0.07870429685519476	0.010377663061607024	0.10041421106088604	-0.8336137093485444	0.4263963819398991	0.3285714285714286	13
KU-55933	0.05608182162084212	0.004056401209964378	0.06347197244843394	0.09192310608657359	0.3949497939447239	0.39670329670329674	13
KU-60019	0.03665588569613274	0.0028297232656366994	0.05301730181603829	-0.22770724102026046	0.14764299063580946	0.321978021978022	13
KW-2449	0.06752743031497369	0.0070715969620735175	0.08402129925160903	0.06062074277678846	0.29103354038699136	0.2813186813186813	13
KX2-391	0.09649159691920646	0.016400783519594193	0.12775881009797035	0.30953637254189725	0.6076699548397875	0.5791208791208791	13
L-685458	0.03525792822953921	0.0017699616193745712	0.042063046682589825	0.3746925680190457	0.7509832759319403	0.7824175824175825	13
LAPATINIB	0.06914835144831583	0.006110877996896194	0.0778501209302079	0.2690732281947237	0.5427220635397043	0.5065934065934066	13
LE-135	0.039919778049074324	0.0025264985685069198	0.05009673456736513	-3.033574720011311	0.05838726377730576	0.04725274725274726	13
LENVATINIB	0.05292445290360047	0.0058370011796672885	0.07523128703808904	-0.5772239963054572	0.06861538418577742	0.23186813186813185	13
LINIFANIB	0.06689134143416331	0.007346814349532119	0.08538462064603887	0.35930745661818203	0.6312967827420665	0.5956043956043956	13
LINSITINIB	0.04789347554857473	0.0034867023547595585	0.057750981009480305	0.23165238970014945	0.5860093630217647	0.5703296703296703	13
LOMEGUATRIB	0.03854730779280112	0.002245534156011586	0.047180709191825446	0.11250673596953822	0.4573438641037392	0.4098901098901099	13
LOVASTATIN	0.10905225289202287	0.01876837752148421	0.13631521411451658	-0.021022811723367573	0.2584667220365465	0.14945054945054945	13
LRRK2-IN-1	0.0841638548765861	0.014737171165382461	0.1209659096151745	-0.26457962350269604	0.011087782364270637	0.16483516483516483	13
LY-2157299	0.04485934372913801	0.0028729196471463498	0.053209896975460226	-0.35591641457655265	0.10730120920054234	0.17032967032967034	13
LY-2183240	0.0368839124676686	0.0022201562537973543	0.04653019471171451	0.37057514772974465	0.6575862081551327	0.6824175824175824	13
MANUMYCIN A	0.07981962494423536	0.008047233424821883	0.08875918826543984	0.2607357619825896	0.5623484501960455	0.654945054945055	13
MARINOPYRROLE A	0.09540811209377878	0.013549160100760604	0.11601777396214163	0.07405898954408976	0.3998389930676424	0.3835164835164835	13
MASITINIB	0.0687534523853038	0.0074856682676789615	0.08643968620972169	0.07318792667890686	0.37724059052061276	0.48461538461538456	13
MDIVI-1	0.04916469955103948	0.0034854662965691494	0.05871664354371886	0.058408734701537915	0.3629870550672888	0.3582417582417582	13
METHOTREXATE	0.03881646756201817	0.0021498273735773388	0.046023068364822714	-1.9627080884645227	0.2364042576829731	0.27582417582417584	13
MG-132	0.06928791128672088	0.007101517333126414	0.08364498262420042	0.4713565570434211	0.7317030745511783	0.48791208791208784	13
MGCD-265	0.04554697913278946	0.0031017068489604246	0.05558349994426205	-0.10489722898922949	0.4557513749812413	0.45604395604395603	13
MI-2	0.1531445840843696	0.035098278547384024	0.18723770169751436	0.06550969512854825	0.31398685614560934	0.2692307692307693	13
MIRA-1	0.0353230134793272	0.0021408382909992563	0.04600858072832152	0.3623019542451021	0.6575417631709861	0.5989010989010989	13
MITOMYCIN	0.10740521574622448	0.02343856257826136	0.15308176580209498	-0.28147514094931714	-0.2196936431683616	-0.2208791208791209	13
MK-0752	0.05608134032863836	0.005335115526986904	0.07292349383006169	-0.11681113043925759	0.28872896649578333	0.3527472527472527	13
MK-1775	0.09900441553006722	0.016313331344743363	0.12687410086708023	0.26216635602652544	0.5446964501771037	0.6241758241758241	13
MK-2206	0.11334909306709584	0.020025910323294992	0.14118434928773232	-0.03177281481272243	0.22727025721897026	-0.09560439560439561	13
ML006	0.033131049644510566	0.002044145560271209	0.04487623609766929	-0.15071744262602058	0.4063855103720564	0.5604395604395604	13
ML029	0.026066220242355782	0.0011065960758384883	0.032875056011066404	0.04157570286969063	0.663225099776015	0.6285714285714286	13
ML031	0.035821211436467534	0.001937480890122683	0.04365363349371389	-0.4556841572006604	0.033205004767443015	-0.034065934065934084	13
ML083	0.03268720736463217	0.001604564179475719	0.03976788539879962	-0.013298885537741546	0.5367693607637805	0.4956043956043956	13
ML162	0.2172571381274003	0.06492977397708159	0.2540339695080083	-0.03379269981467281	0.1354267982539768	0.1098901098901099	13
ML203	0.10018060230015609	0.014609170620118106	0.12068258919055272	0.21739138754818263	0.48543958205558396	0.3857142857142857	13
MLN2238	0.05725689671443059	0.00478454364395983	0.06878019438514553	0.5630900680211026	0.8093081075036253	0.3538461538461538	13
MLN2480	0.04930607798837955	0.004015909068449332	0.06316365458218895	0.3666749602046155	0.6238524036612656	0.6236815538582914	26
MLN4924	0.201085979452975	0.05467140394609975	0.23326171394076986	0.20354961551090836	0.49553013924632205	0.48571428571428565	13
MOMELOTINIB	0.13801764397924496	0.03258065434049961	0.18010135584110828	-0.188223646301735	-0.060821854281818445	-0.06043956043956045	13
MST-312	0.07199993806655591	0.0070037817715165205	0.08354914907858246	-0.7982473886431335	0.054859279621136944	-0.030769230769230764	13
MYRICETIN	0.03178986350795819	0.0016679700658498713	0.04080629773642938	-0.005206244034528673	0.5684032241306374	0.6054945054945055	13
MYRIOCIN	0.1214128915093422	0.033667259464456895	0.183141901434715	-0.521295550279111	-0.43546184639583885	-0.2043956043956044	13
N9-ISOPROPYLOLOMOUCINE	0.07204410030302268	0.00758807976759575	0.08597108856558454	-0.31917251558126186	0.28509052557646064	0.4615384615384615	13
NARCICLASINE	0.08983135867632351	0.012242134638240691	0.10972310521260734	0.3237822545006345	0.5927089581557604	0.523076923076923	13
NAVITOCLAX	0.061993324698445616	0.005292781021599613	0.07238831678048506	-1.0683073409933823	0.2645924647105954	0.27692307692307694	13
NECROSTATIN-1	0.029256057481199044	0.001607307564642803	0.03971626779691144	-0.39120744903287286	0.33304848200168513	0.3703296703296703	13
NECROSTATIN-7	0.03462580737172384	0.0019145951857590202	0.04349047074556302	0.37341072310103635	0.6342040715151883	0.5955290855526048	26
NECROSULFONAMIDE	0.06099863814818126	0.005217534045686934	0.07201892120517885	0.20736506074207348	0.4896633409748272	0.4021978021978022	13
NELARABINE	0.03775380379022451	0.002147869867195046	0.04572202771623819	-1.5820011136169219	0.5003659962095826	0.3527472527472527	13
NERATINIB	0.1088754647606637	0.024976266683272602	0.15752828705270142	-1.3146739297421455	-0.5054313364870138	-0.23186813186813185	13
NICLOSAMIDE	0.032102705446313266	0.0015715644311447181	0.03945057066028884	-0.0716280869808689	0.6120392090062694	0.4560439560439561	13
NILOTINIB	0.0350988231478427	0.0018033066640234271	0.04226032200131598	0.5883142495370921	0.7860598019725217	0.6318681318681318	13
NINTEDANIB	0.06361500953194214	0.008556851885774023	0.09189789651152294	-2.45035778173155	-0.34633539480658815	0.09890109890109891	13
NSC 74859	0.04513206338765409	0.0029419832074809777	0.054107966447743516	-0.304006353679798	0.4001792690202134	0.45274725274725275	13
NSC19630	0.06785280952175214	0.0070323195616001834	0.08361367711019753	-0.15977275241147265	0.20536232913419025	0.3769230769230769	13
NSC23766	0.03760089183341503	0.002225707211402489	0.04703306694845318	-0.09463960226963389	0.2679734774038431	0.3252747252747253	13
NSC632839	0.06104488426505602	0.006318405330701227	0.07878807601496629	0.1328059274831565	0.5511597886448573	0.5461538461538461	13
NSC95397	0.05878436761261866	0.004959947988389134	0.07030923630086015	0.42034141192985636	0.6772810777839224	0.4524013901352054	26
NUTLIN-3	0.03938769433292609	0.0026621227106830114	0.051162288343295684	-0.6144010694039308	0.189812613492446	0.27032967032967037	13
NVP 231	0.10049186291804497	0.026623802006069182	0.16310301715836434	-0.0535475315467133	0.147297450498232	0.367032967032967	13
NVP-ADW742	0.1259356383307237	0.02212757509360442	0.14853980750380397	-0.039749755960290734	0.2331297312135983	0.12747252747252746	13
NVP-BSK805	0.06608428128919783	0.007460777922551037	0.08530135450916732	-0.5849977248368201	0.02804727392095377	0.15054945054945054	13
NVP-TAE684	0.04563379544679384	0.003296019842525977	0.057362170755990836	0.31655315539251966	0.5784059797727705	0.5494505494505495	13
OBATOCLAX	0.16178144920921328	0.03839144284659328	0.19573445338021928	0.14413812005978405	0.43219986231613916	0.4230769230769231	13
OLAPARIB	0.04880028454227264	0.004769890458951125	0.06890647207237131	-0.003922978172392333	0.31193683644420644	0.26593406593406593	13
OLIGOMYCIN A	0.18556185213331075	0.05166681831763995	0.22697495850491917	-0.34786673959562425	-0.15656055436346217	-0.08461538461538462	13
OSI-027	0.11678314485579269	0.022082050398666626	0.1485350370137249	-0.04665317999711038	0.20970191211770967	0.20879120879120877	13
OSI-930	0.038817069610307404	0.0026724725566169166	0.05118982564826855	-1.0271701672169775	0.10626386542608526	0.09999999999999998	13
OUABAIN	0.06922875570473305	0.0063891957477515	0.07941167287510298	0.5040229304849306	0.7275833888650869	0.3758241758241759	13
PAC-1	0.08582585672066835	0.010564689484468117	0.10216725344171904	-0.854881680832046	-0.13061421754499522	-0.1527472527472528	13
PALMOSTATIN B	0.03861834315583884	0.002437097266163691	0.04870701714178607	-0.022315349936616193	0.39951108878980246	0.41098901098901097	13
PARBENDAZOLE	0.04438563289353664	0.0030383476144044885	0.05418485060502189	0.05454935870136781	0.517399670563994	0.3868131868131868	13
PARTHENOLIDE	0.04110146012246977	0.0033146950920521835	0.05724143526964652	-0.6288757541069457	0.0770019455354997	0.1945054945054945	13
PAZOPANIB	0.05948403846221887	0.004919393324231398	0.06947500886439692	0.017358458612044502	0.3913175932203604	0.4197802197802198	13
PD 153035	0.07368140968690835	0.011387075325778918	0.10647398553677936	0.08838892706851624	0.34285661697647596	0.4032967032967033	13
PD318088	0.07376255764731628	0.008910731452284463	0.09320454419819725	0.3025068439358345	0.5628784768318115	0.5956043956043955	13
PDMP	0.02653239992257045	0.001086589751510808	0.03277046869185913	0.12203451754584851	0.5437276015426085	0.5054945054945056	13
PEVONEDISTAT	0.2052533417213319	0.060569577100382466	0.24416824362771045	0.1464225046638834	0.46052064130911585	0.47142857142857136	13
PF-184	0.04862820843717282	0.0037548529846894115	0.060992181829330985	-0.6185618816454393	0.08302697445031011	0.09560439560439561	13
PF-3758309	0.1437702633693402	0.031473364455221295	0.17643821571043763	-0.2926965857857779	0.026334415622601977	0.06263736263736265	13
PF-4800567 HYDROCHLORIDE	0.08501200027418136	0.011803068294650427	0.1085464252241514	0.08430595624519907	0.3637422661535042	0.3615384615384615	13
PF-573228	0.06728772262806526	0.008250193205999182	0.09071423710360538	-0.15607077422743493	0.056863969532367074	0.23296703296703294	13
PF-750	0.048294734470245106	0.0034534168760795457	0.05861824657937135	-0.8999358983813408	0.10444992138836766	0.20069248792032565	26
PHA-793887	0.083686554336513	0.011041691685225058	0.1042982047830322	-0.2672467707718039	0.3099049070902004	0.34945054945054943	13
PHLORETIN	0.055553353072448505	0.005436875747722687	0.07017169546866812	-1.0116928847194955	0.15018522249302185	0.05274725274725274	13
PI-103	0.12461905991499238	0.022099199495649945	0.1466451782964045	0.014208170651486917	0.2798290449724069	0.2208791208791209	13
PIFITHRIN-MU	0.08521702333984008	0.011279540735286208	0.10613874663631831	-0.9516971251935	-0.1500465964692217	-0.08351648351648351	13
PIK-93	0.06495742597367213	0.00767801283855764	0.0870686443179613	-0.08689176254151723	0.26483164951597044	0.2681318681318681	13
PITSTOP2	0.03590327135484035	0.0019710256782863676	0.04329353733438901	0.18605394509107728	0.5523077280334469	0.5076923076923078	13
PLURIPOTIN	0.12811725698909396	0.026145562368164316	0.16111637399807535	-0.22833914644366682	0.07508891213246097	0.007692307692307684	13
PLX-4720	0.04108629267419485	0.003070178349082946	0.055145194267053124	0.06178373534888926	0.6628797735864831	0.7582417582417583	13
PRIMA-1	0.0659700678743344	0.00686154869280817	0.08262850222956633	0.420582347790926	0.6836088254325496	0.673860933755854	26
PRIMA-1MET	0.03725094248139309	0.002659463513291512	0.050601480077753	0.5301799262976802	0.7610071660529757	0.7439560439560441	13
PRL-3 INHIBITOR I	0.038559352053519395	0.0021278115353856415	0.04603341402404401	0.07519359938119048	0.49235252585185646	0.5966000026960442	26
PROCARBAZINE	0.0390084297685205	0.0021921251433871607	0.046209895824766166	-0.5980316724490934	0.5588061608546209	0.5274725274725275	13
PROCHLORPERAZINE	0.07466843002242676	0.009765773771275296	0.09829939835053278	0.4318223818920289	0.6762089608579656	0.5296703296703297	13
PURMORPHAMINE	0.0438359003811011	0.002815354425540513	0.05271603056828863	0.2616173907493361	0.5543429628701666	0.4747252747252747	13
PX-12	0.043190529972160406	0.003168832961562227	0.05608175605068581	0.018259538423143408	0.3130153850244554	0.3666575948406824	26
PYR 41	0.04675991970586314	0.003402388462301298	0.057598229778807505	0.07929475371874561	0.5487952271726112	0.545054945054945	13
PYRAZOLANTHRONE	0.03185246388469513	0.0017801238271668508	0.04136604848006723	-0.7941142991292388	0.5124629543618312	0.4802197802197802	13
QS-11	0.0537928952478207	0.004763381814661767	0.0688572510392493	0.21623126183280936	0.5150395075863957	0.4956043956043956	13
QUIZARTINIB	0.07067448273991694	0.017577781580213524	0.1325481850561745	-0.1652666882249744	-0.053810998914243804	0.28681318681318685	13
R428	0.05223884002351944	0.004619809083756005	0.06770007341723396	-0.058060447968219055	0.3156090078734821	0.3681318681318681	13
RAD51 INHIBITOR B02	0.05381649279586169	0.004423136917911038	0.06641371818163033	-0.13397590461046388	0.389697620728087	0.5912087912087911	13
RAF265	0.08377740979863864	0.010600000828340837	0.10233402370634696	0.23930709017885335	0.4938619837576936	0.4032967032967033	13
REGORAFENIB	0.05933433172655288	0.0060579770258263315	0.0776444348766582	0.1263272251979534	0.38407918046559875	0.48461538461538467	13
RG-108	0.04216963820140253	0.002847167214499229	0.05327491760100088	0.12006139010408019	0.40872479627975444	0.4065934065934066	13
RIGOSERTIB	0.13654064662141066	0.029648877549773973	0.1718339143680966	0.14172324158122906	0.4119341426182178	0.3362637362637363	13
RITA	0.0582234362534589	0.004875677663723733	0.06933478388895221	-0.569218769542935	0.2537844459509864	0.23186813186813185	13
RO4929097	0.08004362185136356	0.00921520107074637	0.09549210257053012	0.12791309408540802	0.3780137956639298	0.3263736263736264	13
RUXOLITINIB	0.05445051795382132	0.00535854428489588	0.07275763271859781	-1.1496674909837044	-0.12715240362368915	-0.06483516483516484	13
SALERMIDE	0.031086364301106378	0.0015768685492986369	0.03896778379595835	0.31226323306169473	0.6662717741195725	0.6	13
SARACATINIB	0.11407437580026296	0.022776192161032806	0.1507671500806858	-0.2905615429593725	-0.18204775992628555	-0.13516483516483516	13
SB-225002	0.07131521420707336	0.012000681801069198	0.10949818542491412	0.053637071244596136	0.34635342433367206	0.5615384615384615	13
SB-431542	0.046829048811403054	0.003549613092022317	0.059121364708922784	-0.09338949246508503	0.23457824756664353	0.221978021978022	13
SB-525334	0.06029652886554462	0.008150507874916665	0.09027291945176494	-0.34799876160340004	-0.038046780374453255	0.12857142857142856	13
SB-743921	0.0747460604915619	0.007240185990406265	0.08472487644242072	-0.17618244280447284	0.5523123504909754	0.5142857142857143	13
SB743921	0.06972394774392936	0.0073608434603943	0.08539615530508768	-0.015661825205658154	0.5186127302288088	0.5340659340659341	13
SCH-529074	0.059039172941757714	0.007215610346322768	0.08452490412745839	-0.4314845652765131	0.06786584853955004	0.3307692307692308	13
SCH-79797	0.061934950250552276	0.0055216182323554325	0.07370503314365844	-0.07831206981979197	0.5713401618304458	0.4769230769230769	13
SELISISTAT	0.028653716521127408	0.0016514063446897704	0.04008294174604259	0.2277868808406885	0.5642881289192937	0.6582417582417582	13
SELUMETINIB	0.05572703072412931	0.006318009533735271	0.07863611489198577	0.23693125605167106	0.5216858898530644	0.4373626373626373	13
SEMAGACESTAT	0.08217452179039073	0.00974347871112304	0.0977106034962916	-0.29478221303922186	0.050260418942018735	0.09560439560439561	13
SEPANTRONIUM BROMIDE	0.09350371881338268	0.014393314247181165	0.11966370762406711	-1.435429458019622	0.11211498781883186	0.0010989010989010978	13
SERDEMETAN	0.0912342443688576	0.014286850298610623	0.11914771658998105	0.14761373430512664	0.4142195147256433	0.39450549450549455	13
SGX-523	0.039635400762598326	0.002789987692575219	0.05265125699552666	-0.3383869320812661	0.3836074856230682	0.5241758241758243	13
SID 26681509	0.031684275172364704	0.0015832806643712324	0.03967517145141716	0.40799383879982276	0.6732255415879159	0.5957876156001913	26
SILDENAFIL	0.038472722112206315	0.002655878792775323	0.0511818339343455	-0.5947124363948217	0.25199426509157	0.1791208791208791	13
SILMITASERTIB	0.04166551519722572	0.002622145490599844	0.05042748953326648	0.16551655185197828	0.5555885548772622	0.5142857142857142	13
SIMVASTATIN	0.11706687761020662	0.0171010059423657	0.13039466316590015	0.23921197503478403	0.5155912052470452	0.4230769230769231	13
SIROLIMUS	0.10999274573898317	0.016778522071319683	0.1284300125283417	-0.0003256596749173335	0.29164137176493443	0.23406593406593404	13
SITAGLIPTIN	0.03199373427883332	0.0014824271135265314	0.03812545744585956	-0.5338487164009946	0.6007610112926367	0.5758241758241758	13
SJ-172550	0.03943523370415651	0.003294637173545328	0.05728313623661872	-0.7831490043007598	0.09261135335590101	0.26373626373626374	13
SKI-II	0.07709980972462507	0.008464447635715895	0.09136892805314745	-0.1832318506843008	0.15995797722	0.18571428571428575	13
SMER-3	0.13211333667109637	0.027026452184252824	0.16404141900050045	-0.20842160569073526	-0.11223911131612277	-0.049450549450549455	13
SN-38	0.1269972529975451	0.025242660492721967	0.15767311802665818	-0.1600225444457159	0.17557319416363448	0.08571428571428573	13
SNS-032	0.1345870425806779	0.030264293200033276	0.17361411315448377	-0.2889046807469895	0.045315447213100005	0.03626373626373626	13
SONIDEGIB	0.04031880530605646	0.002651878952887653	0.0510511133722316	-0.20631404258157598	0.39584173516884213	0.5659340659340659	13
SORAFENIB	0.06258418554844819	0.006998435349500118	0.08326786179623047	0.07230663138342744	0.36151406881908454	0.39780219780219783	13
SOTRASTAURIN	0.1101604737643187	0.022389303000667004	0.14943564111229052	-0.16395866715269905	-0.014558048265917833	0.01208791208791209	13
SPAUTIN-1	0.07476647179034675	0.008585986516089683	0.09249155048983429	0.0038029938883728854	0.3051634470861936	0.2956043956043956	13
SR-8278	0.043209841904255426	0.0028212832098401543	0.052643394628603346	0.020109293721899336	0.4964836618246845	0.4791208791208791	13
SRT-1720	0.052332135186342076	0.005564074632784424	0.07429623245455712	-0.2905494428689407	0.280719882969019	0.3516483516483516	13
STF-31	0.1346637020359773	0.027917751366204634	0.16612093243665588	0.14028211187116285	0.43912045841038516	0.5021978021978022	13
SU11274	0.08302183539570662	0.010605410702135347	0.10259827018314027	-0.17917818404741742	0.1277147670188976	0.17252747252747253	13
SUNITINIB	0.050893781611131526	0.003926655028303841	0.062395835220917226	-0.7033658791374635	0.08799286160767311	0.13076923076923078	13
TACROLIMUS	0.028963138158029776	0.0015885885308164998	0.039714412362642275	-0.4004093970334693	0.45320562213979343	0.5054945054945055	13
TAMATINIB	0.061124481783916405	0.00690836859501717	0.08305801467603652	-0.2846520773309786	0.04857898070491244	0.11318681318681319	13
TAMOXIFEN	0.08939741127589373	0.016492524531442683	0.12773159731226308	0.07514180003798458	0.35014848171053015	0.512087912087912	13
TANDUTINIB	0.03325338222167527	0.0016947484044265997	0.04095165353951048	-0.08772640754471565	0.4152211152401235	0.376923076923077	13
TEMOZOLOMIDE	0.030771558177268687	0.0015535329697911233	0.03915803763752869	-0.4325399434834911	0.3505593048280744	0.29230769230769227	13
TEMSIROLIMUS	0.09323035380671577	0.015591478296911477	0.12442143099268413	0.18764117942552727	0.4486105562454121	0.5032967032967033	13
TENIPOSIDE	0.11345013546006495	0.01745490649186383	0.13179457947773382	-0.06088785096925733	0.21950894815412578	0.27692307692307694	13
TG-100-115	0.04567812664282688	0.003486792122413903	0.058196939410572454	-1.1257190351175708	0.21154409409502276	0.12417582417582418	13
TG-101348	0.12074092369572935	0.030094151522241673	0.17187757788206595	-0.7321857381275292	-0.36397306941620766	0.025274725274725286	13
TGX-221	0.07451973155280371	0.00870103793686887	0.09277585236928028	-0.1393522091155111	0.2530370717046832	0.1978021978021978	13
THALIDOMIDE	0.040914118093290326	0.0026324524028801533	0.05095383435931056	-2.44149895369573	0.019314057773868583	0.008791208791208793	13
TIPIFARNIB	0.07177376704201516	0.007619579719858808	0.08704197139157302	-1.0180112163888626	0.4383831470086578	0.5648351648351648	13
TIPIFARNIB-P1	0.08635039818832911	0.01654190839080657	0.12850859477172594	-0.4047516325085308	0.36623860800401153	0.46153846153846156	13
TIVANTINIB	0.04490406069597501	0.0036545977545788004	0.059884137132482085	0.3818011757355994	0.665626200403598	0.7307692307692306	13
TIVOZANIB	0.05647699176651919	0.005640415116640583	0.07473950445586708	-0.5006537649482905	0.10334775445166264	-0.05384615384615384	13
TOPOTECAN	0.09242983083897371	0.019348547684466193	0.13885933487614427	0.14897480186131457	0.406401672341417	0.4021978021978022	13
TOSEDOSTAT	0.10233909338268868	0.017962055045550207	0.13359096095835699	0.17421729087448934	0.4448745475013555	0.31868131868131866	13
TPCA-1	0.0777950728718996	0.009852139604248567	0.09874262259264388	-0.923718220658906	-0.3631498100463098	-0.24505494505494507	13
TRAMETINIB	0.07561526254725273	0.010334283403433392	0.10120155129695259	0.1615900258198557	0.43029889803631355	0.42417582417582417	13
TRETINOIN	0.03195222744369756	0.0014852527292813218	0.03834544620297813	-1.5474872073384667	0.4627272046559586	0.510989010989011	13
TRIFLUOPERAZINE	0.10821311179234432	0.02117485362248487	0.1450579442045661	0.3652046379323363	0.6500453917420093	0.5164835164835164	13
TRIPTOLIDE	0.09414716622337929	0.01642756075656548	0.12808567264123694	0.32360367380178934	0.6085756187754627	0.22747252747252747	13
TW-37	0.12369000938575636	0.019683287369039147	0.1399361458048108	-0.041568696976258715	0.3225685276469451	0.36483516483516476	13
UNC 0638	0.050265321264871085	0.00445239606208409	0.06646682085904608	-0.052129739845401944	0.43397045929517	0.5681318681318681	13
VALDECOXIB	0.03183947824988365	0.0016905680109509807	0.04087446159326992	0.22119862036917537	0.722014539006605	0.734065934065934	13
VANDETANIB	0.06720870639145742	0.008036629781455359	0.08873485699389522	-0.6645395487240563	0.2924108270129223	0.3230769230769231	13
VELIPARIB	0.033671156386832816	0.001962059607205046	0.04360205535162929	-1.4397333547787137	0.08349750934955695	0.2010989010989011	13
VEMURAFENIB	0.03639066710572867	0.002428260350892119	0.04881767048407385	-2.7903662805503573	0.2870610899264062	0.28901098901098904	13
VER-155008	0.06686498514679762	0.0071514145431878905	0.08405958672040256	-0.7648729572610528	0.06596793550793359	0.004395604395604391	13
VINCRISTINE	0.12935634010124206	0.024742598245211887	0.15671969273729752	0.36309136761884747	0.6856980228154053	0.578021978021978	13
VORAPAXAR	0.04634740493832185	0.0031599728342630246	0.05585912983261705	-0.43035972656352584	0.48169715612550645	0.3505494505494505	13
VORINOSTAT	0.11288049110280551	0.02744935527757012	0.16494022804326303	0.2613421814804803	0.538525284450117	0.49010989010989003	13
VU0155056	0.06781479235646175	0.008547273235227125	0.09031120540319855	-0.11241655190118513	0.28527240066606635	0.21318681318681318	13
VX-680	0.047835389188482215	0.0033528750432785226	0.057882467125181414	0.3140419032039038	0.5903943594773924	0.4395604395604395	13
WAY-362450	0.044471293661345335	0.004728642859594073	0.0685636013295299	-0.41466023167998783	0.16711563839797366	0.34065934065934067	13
WP1130	0.0892557539804576	0.011337860371170533	0.10643608283447606	0.1424633571282023	0.3926048701373622	0.221978021978022	13
WZ4002	0.0950704267673375	0.025266026180534206	0.15871461639755027	-0.2505570066492759	-0.24648352288531558	-0.012087912087912097	13
WZ8040	0.06656631258480367	0.006563694003077099	0.08098651219299328	0.026592794560033273	0.3991393271189122	0.20549450549450549	13
XL765	0.04071375766133749	0.0028945902662196807	0.05298848831987897	-0.3870586633514389	0.46235176383597737	0.4681318681318681	13
YK 4-279	0.03398384267510854	0.0017147462548667367	0.04061400118116541	0.11534135783793575	0.6304048723714085	0.6604395604395604	13
YM-155	0.08233872051180326	0.012508778845968918	0.11139061965646335	-1.0016042084099035	0.05750237131129856	0.0010989010989011006	13
ZEBULARINE	0.04809899645117393	0.0029991528084376442	0.054631533944562424	-3.2572252513687574	0.3267635855084228	0.4065934065934066	13
ZSTK474	0.05655899161778779	0.004905491030069132	0.0697094914802822	0.4172168737240895	0.7041292850259538	0.6329670329670328	13
