Name	MAE	MSE	RMSE	R-square	PCC	Spearman	Sample size
(R)-(+)-Etomoxir (sodium salt)	0.03707899105465852	0.0019321281170774306	0.04389721580604556	0.19453467864484805	0.5038800445593828	0.5131868131868131	13
968	0.0900184711624659	0.012541922360083457	0.1119038083996359	-6.804099597821356e-05	0.32898190941798616	0.16813186813186815	13
A-804598	0.06182363243454053	0.0049244769504750594	0.06993025041577071	-3.2481370479190645	0.6528623244915035	0.6164835164835165	13
ABIRATERONE	0.03773755442606633	0.0021901157727765123	0.0465267687142788	0.15255611694748744	0.5350028361774007	0.6307692307692309	13
ABT-199	0.06917156614002448	0.006443754536982001	0.07964840834041938	-0.7941879292766856	0.5584351369116001	0.543956043956044	13
ABT-737	0.06388525935243826	0.006438981031911417	0.08017641689850391	0.06903893082634334	0.34920169784266053	0.4241758241758241	13
AC55649	0.04978230849039004	0.00436372902895119	0.06580329767695123	-2.777254318443915	-0.15090365593523367	0.12527472527472527	13
AFATINIB	0.1258503694573916	0.029896057064633073	0.1726588429887923	0.18649937631074281	0.5361633254940331	0.5945054945054945	13
AGK-2	0.03350585439456976	0.0015797938471003223	0.03951815793134642	-0.08025634679085587	0.4901981052963455	0.6747252747252747	13
ALISERTIB	0.05947978560279332	0.006437000996556289	0.07940953613305629	-0.12054246108629878	0.2937612577124856	0.30659340659340656	13
ALVOCIDIB	0.14597420605996936	0.027395803802938868	0.16513363700263237	-0.09822234949235283	0.5837229633736235	0.2835164835164835	13
AM-580	0.05152952611054725	0.004618597367789385	0.06792287810057336	-0.7547657144728508	0.06699229905585095	0.05330625946273583	26
APICIDIN	0.10238173497040456	0.017168413548861387	0.13073317801154252	-0.05634018407443353	0.1815532068416043	0.0879120879120879	13
AT-406	0.10023929633167342	0.016391163002171607	0.12779464439375396	0.022589987040042205	0.22701822258306495	0.4252747252747252	13
AT13387	0.16717216886358993	0.040340741163318414	0.1995339233917499	-0.30429709231222235	-0.0004953733760341527	-0.10439560439560439	13
AT406	0.08541527192716598	0.016361935268914655	0.12781978645687703	0.0014438388774153043	0.22520706659079698	0.356043956043956	13
AT7867	0.20800105088555632	0.07551343107392061	0.2747232306125256	-0.5103116903612677	-0.4056955056381124	-0.4472527472527473	13
AXITINIB	0.04279076750352933	0.0028719245073097113	0.053465984434458755	-0.39768154578628456	0.34934144214138974	0.32417582417582413	13
AZ-3146	0.09924334867543075	0.012259573361433195	0.10965513970760792	-6.73230707582095	0.1620000658575298	0.2879120879120879	13
AZACITIDINE	0.14119066106209388	0.038823773744503874	0.19695340321739868	-0.7085208440527015	0.24396017334764863	0.11538461538461539	13
AZD1480	0.09247534720012959	0.014885617639054929	0.12187033065084527	-0.21806925282705994	-0.022558849412616905	0.09450549450549452	13
AZD4547	0.06347165070910307	0.009286857637021912	0.0963279794304854	-0.16281505048785774	0.3899486122905954	0.4472527472527473	13
AZD6482	0.08767837328352927	0.012392596664130584	0.11124036051977049	-0.3508040233850821	-0.015167280060436652	-0.06483516483516485	13
AZD7545	0.03490536369691922	0.0018735696708748468	0.04312326995624295	-0.18573666696216556	0.5135579575823072	0.4978021978021978	13
AZD7762	0.20688437522922737	0.06190791869099319	0.2484512583128815	-0.1331324699698035	-0.0242806864053599	0.02307692307692307	13
AZD8055	0.19053048587226867	0.049902026286040735	0.22273581274070348	-2.4583493826584726	0.31124403905542675	0.378021978021978	13
BAFILOMYCIN A1	0.20480303364181518	0.056010544742766254	0.23571875844443912	-0.1109726631530789	0.2443017151035812	0.1021978021978022	13
BARASERTIB	0.04723734245436192	0.003783714644879101	0.060990175126422394	-0.15504309155906776	0.3504335302062255	0.33736263736263733	13
BARDOXOLONE METHYL	0.11248979512588794	0.023263343689270976	0.15246742458614518	-0.03365583731483934	0.15646063516137484	0.05494505494505495	13
BAX CHANNEL BLOCKER	0.058934606104337275	0.005775078414003422	0.07561208654843203	-0.8187530618574665	0.03159836418116935	0.06043956043956046	13
BEC	0.04737780670775634	0.0036553631617547043	0.06017019639177941	-0.6039067895114231	0.14457275617388557	0.30659340659340656	13
BELINOSTAT	0.148386220432795	0.03250511313863634	0.18018485565607562	0.019259089103506776	0.26584840912222507	0.21648351648351646	13
BEXAROTENE	0.07245720633209228	0.008047803638791668	0.08936880602333319	-0.6431358268729278	0.07786038705229119	0.09010989010989012	13
BI-2536	0.15630507761029094	0.038673557859697574	0.19606881578654176	-0.1517695630609416	0.00015792561995934263	0.10109890109890114	13
BIBR-1532	0.0646309645874537	0.006300181137861151	0.07810230720634806	-2.7816857046840324	0.2694334180523671	0.27142857142857146	13
BIRB-796	0.06924752629768921	0.007664112574658992	0.08704134084212897	0.1261568703006383	0.4451722219263976	0.4956043956043956	13
BIRINAPANT	0.1565923828090154	0.037010079121597705	0.1919931561298994	-0.05657824463435825	0.09787957078934498	0.08791208791208789	13
BIX-01294	0.13605925209889044	0.02480703410284728	0.15709011012835103	-0.8822982888889441	0.18905403636386525	0.14065934065934066	13
BLEBBISTATIN	0.08809550141505865	0.010922249240296259	0.10381977631613208	-8.162771907337476	-0.12896637250625062	-0.10659340659340659	13
BLEOMYCIN	0.08364781512033462	0.011294515238590427	0.10598208805685468	-0.8289715046870137	-0.31073903421404203	-0.2230769230769231	13
BMS-195614	0.04175681685311977	0.00262614189018252	0.051184769225127866	-0.1860611010110673	0.4312737342354393	0.42747252747252745	13
BMS-270394	0.04345452424476366	0.0028273589472843285	0.05285905821056858	0.24030568636468636	0.5403335651965773	0.49010989010989015	13
BMS-345541	0.05738232987418908	0.005612743689422934	0.07482610630157244	0.20943954235630596	0.5023953228132255	0.5802197802197803	13
BMS-536924	0.12572162461621356	0.021203515250371008	0.14531151826433092	-0.11629383551250441	0.08185801745385832	-0.06153846153846154	13
BMS-754807	0.1830035575026879	0.03803588619171215	0.19448867193211927	-0.4265878707487776	-0.176363803375683	-0.1021978021978022	13
BORTEZOMIB	0.1637993396744361	0.0307588444306122	0.17463363299254828	-4.763695647190613	0.643264062515305	0.221978021978022	13
BOSUTINIB	0.057573174461595836	0.004519424482757605	0.06716405558120517	-1.612252191906013	-0.041387875586345074	0.017582417582417575	13
BRD 9876	0.04163675997209732	0.0026510870019897472	0.051231833550766194	-0.04149009778259751	0.4781561924489083	0.5263736263736264	13
BRD4770	0.045596907700942116	0.0031377015163459045	0.05600421337719809	-2.8076400522309637	-0.09910290246525415	-0.006593406593406589	13
BREFELDIN A	0.13358194217887293	0.02534400790658513	0.15883004124968653	-0.0824173226249062	0.2734336424663596	0.14835164835164832	13
BRIVANIB	0.04310436065206454	0.0032703170417671913	0.057093891808027264	0.30892409452334874	0.5879805470624597	0.5879120879120879	13
BYL-719	0.10298308580345375	0.019482950182919703	0.13899297093329446	-0.45375738881031086	-0.025650170777181673	-0.13626373626373625	13
C6-CERAMIDE	0.045739712387978484	0.003040974754539923	0.054975870211366865	-3.7910861312748465	-0.010216700071105086	0.07362637362637361	13
CABOZANTINIB	0.06217701110252967	0.00502682603289683	0.0702745181781625	-0.28782561584067967	0.673850025808769	0.6670329670329669	13
CAL-101	0.061316182995833614	0.0070164517954494675	0.08364182660456303	-0.6555983547915888	0.07103982807540148	0.17912087912087912	13
CANERTINIB	0.08969252077864646	0.013933483087876822	0.11742178631709435	-0.2080063063747878	0.06278224241860889	0.038461538461538464	13
CAY10576	0.05132258868239329	0.004230810537003897	0.06495014393293808	-0.6406604474318609	0.07641414185845409	0.2802197802197802	13
CAY10594	0.06260921883105791	0.010328090777476321	0.1007612146690505	-0.32920438444671085	0.17635453170344967	0.4208791208791209	13
CAY10603	0.1821903472132683	0.055718918624353866	0.23558933539324448	-0.13723540891944955	-0.05205481613985434	0.0956043956043956	13
CCT036477	0.0533348534404098	0.006542894507369881	0.08080559016260944	-0.3828914839463702	0.03345939117456538	0.24505494505494502	13
CD-1530	0.06305393366539992	0.006306215541722557	0.07938327392347	-0.8753374381766473	-0.06333143651809821	-0.13296703296703297	13
CD-437	0.08917724489956269	0.011855449619651067	0.10885326914123014	0.035874707772863126	0.3004380382307917	0.2912087912087912	13
CEDIRANIB	0.0621815922922662	0.00916813067118048	0.09562896071888671	-0.6642089001947259	-0.058226922291439484	0.05274725274725276	13
CERANIB-2	0.06303701161902171	0.005736107478865807	0.07559773531859248	0.16933137476082863	0.6896762131162573	0.6417694512622456	26
CERULENIN	0.041986266881624004	0.0025043195887833178	0.04987230805349903	0.06858779545486333	0.5435115635084131	0.42417582417582417	13
CH-55	0.060875328025597794	0.00449041300002994	0.06686770521314309	-0.7680604282639816	0.1592565306750992	0.09780219780219782	13
CHIR-99021	0.05146184802864515	0.0033761793334361988	0.057987236501092984	-0.13709229760812297	0.4411369542738047	0.5527472527472528	13
CHLORAMBUCIL	0.06220097540002199	0.005610186535079316	0.07484093551534957	-1.0519459299585616	0.02366147791060484	0.03406593406593406	13
CI-976	0.040486365435666485	0.002510704337544794	0.05007953829068827	-0.3316590872733314	0.37887283455397835	0.3920554479102432	26
CICLOPIROX	0.06956650497326484	0.0074749879390821426	0.08634428372734265	-0.5005903077687568	0.04759259651098664	0.18681318681318684	13
CID-2858522	0.041585616178628854	0.0024964897444957074	0.04986282451922014	-0.06914951266505845	0.48846787647395756	0.5637362637362637	13
CID-5951923	0.0777666303888596	0.007768369133970351	0.08760990793702336	-1.940784625092682	0.6642772269004986	0.7065934065934066	13
CIMETIDINE	0.07415230684499742	0.007108253704086767	0.08391688091239521	-5.0101188256434455	0.411293812957256	0.5626373626373626	13
CISPLATIN	0.047251424390675464	0.002667780960056108	0.05148510182005521	0.0026765822127944095	0.5597067083938747	0.5428571428571429	13
CLOFARABINE	0.14009275557722897	0.029646280405033986	0.17186401784327	-0.19496582115265823	-0.07221981125967232	-0.06703296703296703	13
CRIZOTINIB	0.07421338163588596	0.007000123743671971	0.08363342064253644	0.34442329952454126	0.6407177625481661	0.5593406593406594	13
CUCURBITACIN I	0.19612774881392261	0.054973119438764165	0.23419997073226878	0.1474367195119441	0.5109533895757021	0.3428571428571428	13
CURCUMIN	0.10977561543860434	0.015369453699254201	0.12359854016211039	-1.486773445387725	0.4719487147232229	0.17362637362637362	13
CYCLOPHOSPHAMIDE	0.043378255039092276	0.003179171201661349	0.0563009567965493	-0.4457153738278999	0.15714827584287142	0.23406593406593404	13
CYCLOSPORIN A	0.05422453557668283	0.004772800453724818	0.06867371953837789	-2.0510994858613154	0.28008868105624446	0.1802197802197802	13
CYTARABINE	0.15482476196368292	0.03371773979575897	0.18288384218447049	-0.3264272831162232	0.14540437863957442	0.22967032967032966	13
DABRAFENIB	0.05573930406691478	0.006043160795101398	0.07759797282066243	-1.0611550837858612	0.016527920797264412	0.03846153846153847	13
DACARBAZINE	0.040767434378015076	0.0026046793877973562	0.05081987256369276	-1.3929708316412062	0.21209857965182763	0.2868131868131868	13
DAPORINAD	0.33667417752119216	0.12839785313372204	0.3576741880126268	-0.6157380565189152	0.20987908564115862	0.13186813186813187	13
DARINAPARSIN	0.06895127902552897	0.006637068184725205	0.08139097222024425	-0.8224056086853079	0.2861796288929601	0.34175824175824177	13
DASATINIB	0.12151573813032371	0.022234046674152266	0.14893486164904754	-0.2361772678195458	-0.2271374231019419	-0.09999999999999998	13
DBEQ	0.09151661457920074	0.012341922458095808	0.11057914194071775	-0.13583877201604072	0.36876462324061265	0.39120879120879126	13
DECITABINE	0.0977367214240639	0.011578645387162996	0.10750058468663022	-5.66877101204444	0.4656089778917023	0.5098901098901099	13
DEXAMETHASONE	0.04223248377141732	0.0030772766453977364	0.05530935199829593	-0.5040627914759587	0.15857936431272085	0.26593406593406593	13
DINACICLIB	0.2680208282670241	0.08596621737188019	0.291062335892576	-1.4995742194979642	0.4327831521822053	0.05934065934065934	13
DNMDP	0.03709024895180556	0.0021003583761981743	0.045502158186619776	-0.24242713758486384	0.4567426647463222	0.49010989010989015	13
DOCETAXEL	0.07220397969223902	0.007400098836973933	0.0855726513822926	0.20424503604864594	0.775151287217535	0.6681318681318681	13
DOXORUBICIN	0.115530265714572	0.022862662028696974	0.15113701541218774	-0.20247774182314288	0.2819069119582386	0.13846153846153847	13
ELOCALCITOL	0.09661233278857011	0.014620305648897436	0.12087300530786478	-0.5645353760945462	-0.22567885499078089	-0.22527472527472528	13
EPIGALLOCATECHIN GALLATE	0.06658695968333758	0.005751411516376642	0.07555127614513404	-5.081736776001509	0.331222155486809	0.3626373626373627	13
ERASTIN	0.032373106216264866	0.0013901868815614823	0.037012243404656614	0.46973736440708824	0.7202509916392518	0.7032967032967032	13
ERLOTINIB	0.1195260747233721	0.020008428494435942	0.1413086605348552	-0.2708826863257817	0.14198998645166283	0.012087912087912083	13
ETOMOXIR	0.06696370809689303	0.006915684142895369	0.08307104568536107	-2.2889664693034972	0.20130526044483288	0.265934065934066	13
ETOPOSIDE	0.06756667410883535	0.007391879774525106	0.08584240010499332	-0.44920265858158165	-0.010411923192856032	0.015384615384615385	13
EX-527	0.03205677981277745	0.0014757005859723845	0.03806772319798892	0.1352496383381792	0.5752657867588146	0.5637362637362637	13
FGIN-1-27	0.037670187333774564	0.0021298735893021314	0.04583734202181658	-0.8146055871798316	0.5366298355821599	0.4604395604395604	13
FINGOLIMOD	0.14097336127369223	0.026038114278904057	0.15979219544827714	-4.249025596844601	0.22146774951733805	0.2989010989010989	13
FLUOROURACIL	0.041727870157106106	0.0033975339409436887	0.05806331993169965	-0.6838201118572791	0.19337299025855986	0.2549450549450549	13
FLUVASTATIN SODIUM	0.10505053406742904	0.015596304195467805	0.12479276890350921	0.2719480318358352	0.6228950076882316	0.6384615384615385	13
FORETINIB	0.11083198043125961	0.01649099716844492	0.1279064345509336	-0.5239763171712616	0.5325323458765758	0.4351648351648351	13
FSC231	0.056461686380357	0.004941554843320326	0.06987834856816058	-1.3650758059911898	0.4060417663851664	0.443956043956044	13
FULVESTRANT	0.05276268254583871	0.004064538012254208	0.06362990590211047	-0.29437256074174434	0.24671864152984907	0.3637362637362637	13
FUMONISIN B1	0.04074442797160186	0.002719125673718586	0.05213559147698547	0.012515079387119866	0.40357072941194616	0.5314637226054193	26
GANT 61	0.040756843436769344	0.0023044954923401697	0.04795540907576676	-0.40659442402405865	0.3269829617917922	0.30769230769230765	13
GDC-0879	0.07188876339560545	0.008106807491723789	0.08988343855558759	-0.20312394462812908	0.5859008459986391	0.6164835164835165	13
GDC-0941	0.1339746951202026	0.03352418692419525	0.182928115606104	-0.05763952445777263	0.09237498808569841	0.03626373626373627	13
GEFITINIB	0.07789657945540868	0.01473582299729789	0.12129344354482423	0.07667888815470561	0.31979484011619863	0.42857142857142866	13
GEMCITABINE	0.16238657112771912	0.039479729428252876	0.1982025975125224	-0.11452131798179947	0.022799142363218415	0.05054945054945055	13
GMX-1778	0.3715178913972561	0.16173213925685956	0.39951969128212417	-1.0059661238509476	0.375243637970487	0.367032967032967	13
GOSSYPOL	0.06503676545152663	0.006728585496133943	0.08186752172455047	-1.2003265021849487	0.3054825051513391	0.21538461538461537	13
GSK-J4	0.11214923197011947	0.01956809814260015	0.139166161584552	-0.7837034908984468	0.41146889529092123	0.3758241758241759	13
GSK1059615	0.03512779809993964	0.002114235495422791	0.04593989160142924	0.21203634718522615	0.5318516598098818	0.5681318681318681	13
GSK2636771	0.05369835162239075	0.004685975079488556	0.06828840090382098	-0.45227468977854757	-0.006911090547083898	-0.0021978021978022004	13
GSK4112	0.0324468709866487	0.0019154478337757735	0.043681036696435784	-0.47167540219695364	0.4689828360173768	0.6175824175824175	13
GSK461364	0.06402301844198889	0.00628995872324528	0.07914290119906411	0.22033439908004251	0.5262581301904141	0.25384615384615383	13
GSK525762A	0.1651931146922742	0.08362634508046227	0.2890390151859278	-0.23001147282355788	-0.2380647078654956	-0.07362637362637361	13
GW-405833	0.053638083723836286	0.004045145501674595	0.06349717215717363	0.06380014791246484	0.3838714124549014	0.34255034506836757	26
GW-843682X	0.044762641402013484	0.0030711148489526614	0.055372703008542856	-0.254417096673189	0.29747093784141987	0.29890109890109884	13
HBX-41108	0.09221617932326245	0.013469006619038701	0.11604946300707446	-0.520917368477327	-0.2250951558718473	-0.06923076923076923	13
HC-067047	0.10139674130079564	0.016756610250166434	0.12939498873278127	-0.12533563443484316	0.2348131291347928	0.4637362637362637	13
HLI 373	0.03777229095898519	0.0022300870832780272	0.04713711168759495	-1.1145120538917965	0.08038203766274299	0.0846153846153846	13
HMN-214	0.054931023795716585	0.0053587953447520415	0.07314673364396909	0.3516273371310141	0.6093473181736097	0.5964299774994134	26
HOMOHARRINGTONINE	0.19398280070011437	0.054640797049921766	0.2328443347141295	-2.2430222965858606	0.21234448761274	0.07582417582417582	13
HYPERFORIN	0.09457732251324284	0.024817632201876952	0.1574707861809053	-0.06220572785947816	0.19858311232577602	0.2978021978021978	13
I-BET151	0.19259967459410152	0.09782732891103355	0.31257803556105673	-0.22333626229439604	-0.38582117802947824	-0.09340659340659341	13
IBRUTINIB	0.11173716384232593	0.016849600991313572	0.12934986264973897	-0.12584865389697614	0.18819077556914837	0.05494505494505495	13
IC-87114	0.04222610986260268	0.002501468794858863	0.049694641874694724	-0.4675940068443312	0.2554500933266278	0.32857142857142857	13
IFOSFAMIDE	0.04756457895138814	0.0031145315538879323	0.05568928408511821	-1.1439752124013616	0.020272336534651124	0.061538461538461556	13
IMATINIB	0.03342773455880239	0.0018872304554422114	0.04338678127825973	0.33183439330906445	0.6193054841808644	0.7967032967032966	13
IMPORTAZOLE	0.06899518600745934	0.0065618150606330415	0.0808352736663857	0.08262246272453284	0.42004515354430205	0.3692307692307692	13
IPR-456	0.04373399182595766	0.0024355405836897974	0.048771480205369096	-0.35490712597675056	0.39082400695392977	0.3769230769230769	13
ISOEVODIAMINE	0.04695620873490847	0.0034554432934922803	0.0585682325260638	-0.16902022314996518	0.44642577262824207	0.5648351648351648	13
ISOX	0.15120813732213242	0.03066759295848116	0.17486948484162018	-0.03486357310323893	0.27917247403269685	0.2967032967032967	13
ISTRADEFYLLINE	0.05886016449529942	0.003938563220262965	0.06257439183838251	-1.7784326023436936	0.8267576127814887	0.8428571428571429	13
ISX 9	0.08074848969712531	0.012111958208275323	0.10997297767646834	-0.37028412514819936	0.01362147846142256	0.05479029505959283	26
ITRACONAZOLE	0.08239601052384815	0.019944437792323043	0.14102493656434678	-0.10986039216968915	0.032716477989518884	0.2098901098901099	13
IU1	0.0708234992651822	0.0066743037027138475	0.08032861406930976	-3.797591099535326	0.6009836869206527	0.6747252747252747	13
JNJ 26854165	0.08223310832179509	0.01357655148383905	0.11636106324118096	0.14661273756393825	0.43504822979757324	0.45384615384615384	13
JW-480	0.039408481492170924	0.0024072047686022053	0.048925569430300506	0.3219139994349298	0.5771076465876865	0.5604395604395604	13
JW-55	0.03731190512797282	0.002337929784867912	0.0481284794171098	0.1678746484982549	0.6218075192208564	0.611870226937109	26
JW-74	0.04176304035209729	0.0027142907775033246	0.051946568239022106	-1.8231014727621062	0.19965022005605543	0.21208791208791208	13
KH-CB19	0.06906243636427256	0.0066005818650692605	0.0810624491677679	-2.6168518970142416	0.45571493760939835	0.5373626373626373	13
KHS101	0.14054083413894358	0.02941903934385125	0.17123665559521623	-0.7740024476223493	-0.3604011731957194	-0.23076923076923075	13
KI8751	0.03364807996450938	0.0017597748854732479	0.041728122756139206	-0.0379306776067583	0.38678284532136076	0.42857142857142866	13
KO-143	0.04079048707192219	0.002751046949534071	0.05233361931279453	-0.04531156125429363	0.3671451942165098	0.42655441468227523	26
KU 0060648	0.05701983902204953	0.004792482244175467	0.06900811266611227	-0.46204727032182336	0.15353942952681768	0.14285714285714285	13
KU-0063794	0.15559855324708502	0.031477632822607335	0.17664136674277767	-4.561735695091521	0.103450549693118	0.04285714285714286	13
KU-55933	0.04369805815037764	0.003505562423015889	0.05889873963239349	0.21523535968478597	0.5405193998846605	0.5747252747252747	13
KU-60019	0.03627059684755619	0.002857774131113432	0.05318815060093246	-0.23987742426074826	0.39231511940722485	0.5406593406593407	13
KW-2449	0.07106321997431608	0.00795621002133414	0.08913632696134263	-0.056889794516973825	0.12341434016382831	0.1868131868131868	13
KX2-391	0.11070963544233028	0.021179209061597263	0.1449771034809893	0.10836738391838752	0.5537599939168604	0.5582417582417583	13
L-685458	0.07500166926809458	0.007345542754125257	0.08520185083499662	-1.5950972189506687	0.5513190528373106	0.45384615384615384	13
LAPATINIB	0.07911281624288191	0.00956375985989976	0.09769458513720616	-0.14392860146577072	0.3186056580473562	0.2571428571428572	13
LE-135	0.03300841054323857	0.0016506894394836447	0.03957492125700328	-1.6353385973322134	0.40299878027580815	0.34615384615384615	13
LENVATINIB	0.1076073001216592	0.017836103465697452	0.13278050105409672	-3.8195176805306823	0.053070803619192995	0.14175824175824175	13
LINIFANIB	0.07611754655314959	0.008425798348168975	0.09156946800664152	0.26521265995315446	0.5677964619426819	0.5505494505494505	13
LINSITINIB	0.0486577051939106	0.003660823666353339	0.06034259880498177	0.1932821246034652	0.5607144621859932	0.5230769230769232	13
LOMEGUATRIB	0.057818197325354356	0.00403053313295629	0.063328160049453	-0.5929710961527876	0.35879990421909314	0.45164835164835165	13
LOVASTATIN	0.10666233141590634	0.016075865302248173	0.12645231656541883	0.12545316327963857	0.4259044138921001	0.3032967032967033	13
LRRK2-IN-1	0.09018199313613084	0.015536694205590385	0.1245601390646534	-0.3331857714412393	-0.10310750694995963	0.09890109890109892	13
LY-2157299	0.043682707913403875	0.0026841139782290526	0.05146785642856906	-0.2668068197765878	0.20606780266141195	0.34505494505494505	13
LY-2183240	0.04267480829992661	0.003069796263163031	0.05489640578175793	0.12969816600235756	0.5980555023951372	0.5648351648351648	13
MANUMYCIN A	0.10637270913332939	0.015407489357154936	0.12387546000853769	-0.4154188499422844	0.2656931355868105	0.34725274725274724	13
MARINOPYRROLE A	0.09642864049588715	0.01440730803295292	0.11979852768539781	0.015413703965820091	0.33717394322300553	0.2967032967032967	13
MASITINIB	0.06882376267296057	0.0071030060830598474	0.08416954840468124	0.12056591886695586	0.3659734261852855	0.44835164835164837	13
MDIVI-1	0.05132509972146108	0.004113356200662279	0.06410897275518398	-0.11121437995750524	0.49434537495258857	0.5087912087912088	13
METHOTREXATE	0.07674354832360561	0.007840195613701365	0.08819592346557233	-9.804686574069006	-0.07440129525069861	-0.03296703296703296	13
MG-132	0.1703214967670441	0.038030083029146386	0.1940004968930006	-1.830994150316556	0.6293951667429618	0.42857142857142855	13
MGCD-265	0.0537854614470812	0.004372973599267775	0.06517903969874263	-0.5577508280298702	0.5705285169694108	0.5989010989010989	13
MI-2	0.16211710349559966	0.03819280536245825	0.19529285158250648	-0.016881961286952206	0.1883325661669534	0.2835164835164835	13
MIRA-1	0.0755152246145043	0.008521973795171348	0.09179499196886054	-1.5384663839409565	0.5234483024245311	0.5054945054945055	13
MITOMYCIN	0.10470554595393806	0.026957936758700552	0.16411280370940023	-0.4738926797328003	-0.18096019590787654	-0.16153846153846155	13
MK-0752	0.05184389766755104	0.004541495871141726	0.06720420992953616	0.04931896749394182	0.36788968381349746	0.3494505494505495	13
MK-1775	0.10101190411197222	0.018382672520787263	0.135354062972677	0.16857238013779244	0.5152105405276292	0.59010989010989	13
MK-2206	0.13199374470967512	0.02884605954129325	0.16976400196730954	-0.48620360166870513	0.04630962318981575	-0.15494505494505492	13
ML006	0.0372677768598208	0.002279399029681958	0.047674884719347596	-0.2831494357044975	0.47567258003127416	0.6285714285714287	13
ML029	0.031210596145758995	0.0015649978069382623	0.03908115550355652	-0.3554466312278878	0.6504771526765604	0.6395604395604396	13
ML031	0.03875580384792107	0.0022010200374155938	0.046829113303830106	-0.6536885677072175	0.2952558309683482	0.3505494505494505	13
ML083	0.030523877415429262	0.0016215321902434243	0.039830938940930996	-0.02401435994545651	0.5155820391474877	0.5164835164835164	13
ML162	0.2106176455807319	0.06569716954361594	0.25549711230717376	-0.04601094555865717	0.16315142803490315	0.16593406593406593	13
ML203	0.10148168501499984	0.01969132086180291	0.14028884501351113	-0.05485778061742639	0.34136329119175235	0.3604395604395604	13
MLN2238	0.17596860726136426	0.039156729848648944	0.19468025169597725	-2.575673135783168	0.5429566734049184	0.15604395604395604	13
MLN2480	0.0581724649240127	0.006280082776414358	0.07919538717237709	0.009605644326327867	0.5433153311827095	0.525468005793158	26
MLN4924	0.23179805213178853	0.0637174743727699	0.2521959118943246	0.07176689640349436	0.29256385214773073	0.32637362637362644	13
MOMELOTINIB	0.12751596731081377	0.0330602901631115	0.181784526601903	-0.2057160704895573	-0.3118682034612266	-0.21868131868131865	13
MST-312	0.06685390311244818	0.005905498703542953	0.0767917652874618	-0.5162590681322852	0.13646500795258237	0.13516483516483518	13
MYRICETIN	0.09185312796560434	0.01044820774792523	0.102211166988314	-5.296637980630098	0.49791861610105015	0.5626373626373626	13
MYRIOCIN	0.10808498423625212	0.027220564235526473	0.1648885036238223	-0.22999388445355762	-0.2705796095956763	-0.038461538461538464	13
N9-ISOPROPYLOLOMOUCINE	0.08980777166772255	0.010308726349409682	0.09993057399878956	-0.7921514911931912	0.2740507078129486	0.4406593406593407	13
NARCICLASINE	0.102534009414086	0.015689462221552153	0.1250065612779505	0.13336251519284503	0.5045473778785652	0.2879120879120879	13
NAVITOCLAX	0.05178307586019957	0.003964637961731153	0.06224446289999471	-0.5492970079747055	0.21425453590617102	0.23406593406593404	13
NECROSTATIN-1	0.055228840714568364	0.004165680084786194	0.06395496398297805	-2.605610582396752	0.4432918179732668	0.578021978021978	13
NECROSTATIN-7	0.0337135820491402	0.001681461223023119	0.04092192586658154	0.4497084398287459	0.7779596655160134	0.7381077167462395	26
NECROSULFONAMIDE	0.057840506835086535	0.004454165946363327	0.06652302702802017	0.32333406482341487	0.5892324981633699	0.5065934065934066	13
NELARABINE	0.049949977865122654	0.003679613602837307	0.06042419945280629	-3.423343595118813	0.04364159102161972	0.13076923076923078	13
NERATINIB	0.09242230041615376	0.01555043586215447	0.12427500556541751	-0.4411356566096698	-0.31316920056841413	-0.22857142857142856	13
NICLOSAMIDE	0.030600564604952883	0.001540278596745339	0.03898190439771787	-0.050294708467977546	0.4284212787608892	0.38461538461538464	13
NILOTINIB	0.04320637504716764	0.0034549191572015386	0.05868848025507253	0.2112595076603596	0.6974997629587589	0.7175824175824175	13
NINTEDANIB	0.05671727968463165	0.006555407423364998	0.08071316714068924	-1.6433203843614508	0.03473049020017198	0.1791208791208791	13
NSC 74859	0.03991474458909453	0.002471250034751234	0.04918778434354798	-0.09535830750246288	0.42873128324268794	0.48681318681318675	13
NSC19630	0.055561188011323495	0.005010688482962485	0.07055912025217358	0.1736353954825778	0.4567929705024959	0.4681318681318681	13
NSC23766	0.03679975559373782	0.0022278929186481176	0.04672105598070106	-0.09571456922745081	0.263617642008693	0.23956043956043954	13
NSC632839	0.15240375902416153	0.030134516264215195	0.17268644727388477	-3.1359286900306547	0.3913581491449631	0.34835164835164834	13
NSC95397	0.05847624547565901	0.005309492788784243	0.07272432719608421	0.37949085342831596	0.6578580265716212	0.5232751900564476	26
NUTLIN-3	0.039957663415505336	0.002647909145671474	0.051279117336166025	-0.6057814838143614	0.158481424709414	0.19010989010989013	13
NVP 231	0.089303568732269	0.024842682421601286	0.15756183980618038	0.01693429299427036	0.1877410579352113	0.4	13
NVP-ADW742	0.1337540081044417	0.02188226831693472	0.14775235889613797	-0.028223067649494206	0.2879990375567815	0.22417582417582413	13
NVP-BSK805	0.05390736720076157	0.004541204822274389	0.06707988928910144	0.035248148913969345	0.3104173791339638	0.2912087912087912	13
NVP-TAE684	0.04032396036778964	0.0025891243327202944	0.05078617129320874	0.4631316132678327	0.7053189077755695	0.7362637362637362	13
OBATOCLAX	0.25318456524408783	0.07764140577078202	0.2771711104779049	-0.7308627802739434	0.35907947747657587	0.34285714285714286	13
OLAPARIB	0.057236612119936935	0.005653037459287049	0.07490875734815997	-0.18979969261086518	0.32885479763560505	0.3	13
OLIGOMYCIN A	0.19328635678599432	0.05477953199689921	0.2331580795192346	-0.4290701768261581	-0.2666019449950414	-0.2230769230769231	13
OSI-027	0.11054578798294065	0.02201231756578625	0.1483439184983632	-0.04334795743096405	0.16044014199875942	0.256043956043956	13
OSI-930	0.042994297270802714	0.003146933271584819	0.05579132785077558	-1.3870663257455162	0.30632969593554116	0.34615384615384615	13
OUABAIN	0.09602757745933534	0.0158145796078965	0.12460490422764883	-0.22764572556689022	0.5599732823080067	0.14615384615384613	13
PAC-1	0.07218068830236324	0.008332745499756256	0.09096104295743343	-0.46301100484371693	-0.09867574436176929	-0.16043956043956045	13
PALMOSTATIN B	0.055751451329750054	0.004043143134551668	0.06335754894388311	-0.6960206495777148	0.5061964526874722	0.5087912087912088	13
PARBENDAZOLE	0.07004648874081099	0.0063293016587278065	0.07952175480220931	-0.969505491684685	0.6196593757044082	0.6197802197802197	13
PARTHENOLIDE	0.10188324935180407	0.013342403831204021	0.11532390556466339	-5.5565964586795555	0.07265981325283719	0.08681318681318682	13
PAZOPANIB	0.07709738648164308	0.008341343626375296	0.09107904022605051	-0.6661710536326432	0.5882246859847048	0.5186813186813186	13
PD 153035	0.07529592311767065	0.014336045747033076	0.1196439534941411	-0.1476957577914062	0.17018672768818432	0.27032967032967037	13
PD318088	0.09067460213686136	0.014442941911512325	0.1201431104061325	-0.13053043856792312	0.23917297329108686	0.3054945054945055	13
PDMP	0.030601692008308257	0.0013833865630552451	0.037162532046088013	-0.11777756928467387	0.5613714507379169	0.6076923076923076	13
PEVONEDISTAT	0.23135143648054854	0.06747308687551362	0.25926128323983366	0.04913470994940379	0.3078629477054219	0.3087912087912088	13
PF-184	0.05609850334824122	0.004746980885018644	0.06886479869251767	-1.046227201096728	0.10698789401147454	0.014285714285714287	13
PF-3758309	0.1530231430766766	0.0326760528683263	0.1798771094506234	-0.3420942664054306	0.1446289272755112	0.1252747252747253	13
PF-4800567 HYDROCHLORIDE	0.08244215405437029	0.012944698172181227	0.11352488512911578	-0.004262850859075762	0.3271516274945472	0.3054945054945055	13
PF-573228	0.07761305851244009	0.00888207526665088	0.09401966114582778	-0.2446142016161231	0.14910189795436016	0.2725274725274725	13
PF-750	0.04178144509635174	0.0025676917196720923	0.0506331229265984	-0.41264430250880524	0.28204705108369976	0.35041086316167147	26
PHA-793887	0.10952471003934054	0.020440482873061334	0.14209744986487663	-1.3459390691522803	0.13363412571474897	0.22307692307692303	13
PHLORETIN	0.07156164315930698	0.008380378170597851	0.09087409900300869	-2.1008152327394667	-0.07609604726448102	-0.16923076923076924	13
PI-103	0.12979407206006233	0.028837865964027633	0.16948022129477142	-0.2863874390012127	0.08947289779261605	0.037362637362637376	13
PIFITHRIN-MU	0.07674779330867988	0.009224204726038219	0.09585681160713624	-0.596062665006039	-0.02936104077196446	0.08351648351648351	13
PIK-93	0.10023130621348897	0.016316017546909183	0.12760177261577083	-1.3096790070684268	0.3530782047324187	0.4373626373626374	13
PITSTOP2	0.04675156925212053	0.0039059035052723366	0.06229433614176856	-0.6129646528681347	0.38189908205342377	0.3879120879120879	13
PLURIPOTIN	0.10974819711973116	0.0206342296417909	0.14351185312136266	0.030587612964028454	0.21261410554458732	0.10439560439560439	13
PLX-4720	0.05242846856329625	0.004014276243781253	0.06320921026358697	-0.22672328265330557	0.710885448563013	0.7901098901098902	13
PRIMA-1	0.08597601621154638	0.01116327016076739	0.10563210568942487	0.05732713165659013	0.4438845819482419	0.44088040484115726	26
PRIMA-1MET	0.06272896402255572	0.005567852584343191	0.074411656840259	0.016384733813404283	0.6396528691142118	0.589010989010989	13
PRL-3 INHIBITOR I	0.03825581136433418	0.0021118557469175	0.045922127200735255	0.08212843127624522	0.4559136437262577	0.5615881599313564	26
PROCARBAZINE	0.09296093076466597	0.01127698620973511	0.10422357849042843	-7.220781184546451	0.381489701769413	0.3637362637362638	13
PROCHLORPERAZINE	0.09228066017753896	0.014009267032282901	0.11803420631119217	0.18493381474250814	0.4553861457224281	0.3186813186813186	13
PURMORPHAMINE	0.05186835038664341	0.0037719454809033532	0.0612556087571101	0.010732389188989467	0.3563951203398343	0.4087912087912088	13
PX-12	0.052853627314166096	0.004606379499959113	0.06773906691447329	-0.4271087152093248	0.33238680618313654	0.38637411618971135	26
PYR 41	0.07153016535726472	0.007221885313317179	0.08382236649175792	-0.9542823430324242	0.6023459716772196	0.6285714285714286	13
PYRAZOLANTHRONE	0.061153557866136854	0.005104805497943536	0.07088292617520972	-4.144925537405112	0.5147104088909058	0.5076923076923077	13
QS-11	0.050522800635262634	0.004609226302124265	0.06758170626372842	0.24159607117291754	0.5550961761912585	0.6186813186813187	13
QUIZARTINIB	0.05689388122549175	0.014779489518474733	0.12144513384054645	0.020237751489936628	0.2818257228978727	0.5747252747252747	13
R428	0.060243029208501664	0.006198867975149768	0.07856951215519722	-0.4197073748663188	0.49121298416751236	0.3978021978021978	13
RAD51 INHIBITOR B02	0.12339517344139173	0.01830618336676055	0.134710741463593	-3.6932236619732057	0.5002056622965273	0.5648351648351648	13
RAF265	0.09864382341745083	0.014895340978491958	0.12170413448593871	-0.06894145153390141	0.15381074862402022	0.07802197802197802	13
REGORAFENIB	0.06280737942404746	0.007608616586760253	0.08714563012925207	-0.09730379257306125	0.4067285122514074	0.46923076923076923	13
RG-108	0.05457417966169211	0.004897564739203432	0.06960040227311363	-0.5136295074428646	0.4978280845469468	0.5263736263736264	13
RIGOSERTIB	0.1471423820719352	0.03756957084866349	0.19330577615066638	-0.08756526883834981	0.43328386228394755	0.4175824175824176	13
RITA	0.0814033563845972	0.009732024266611485	0.09825725408959232	-2.132215908865173	0.10394834916197429	0.1186813186813187	13
RO4929097	0.09047295971875192	0.012230625895661026	0.11041162251050671	-0.1574537129315204	0.322864126753616	0.27582417582417584	13
RUXOLITINIB	0.05334261933289308	0.0041497606880447815	0.06413442990187218	-0.6647442238364124	-0.040875994898318904	-0.03296703296703297	13
SALERMIDE	0.05899132500007152	0.004706962689913476	0.06829550383827941	-1.0528986413611647	0.6657535359731421	0.7021978021978021	13
SARACATINIB	0.12135662066131374	0.023809965157818188	0.15423907943126544	-0.34913795750524357	-0.357361301932713	-0.2868131868131868	13
SB-225002	0.07359486148002697	0.013908141115068422	0.11785189683817403	-0.09678344758936301	0.19305028173398137	0.33186813186813185	13
SB-431542	0.047518995353063434	0.00374259118350821	0.06079971928727931	-0.15283265205362137	0.6250023261479418	0.612087912087912	13
SB-525334	0.06751614467291465	0.010531591926713066	0.10256395950660899	-0.741802240153867	-0.36610252958966666	-0.025274725274725275	13
SB-743921	0.08680205568665725	0.009665870007855341	0.09757233964905798	-0.570239578476885	0.5276785690303676	0.42967032967032964	13
SB743921	0.06084527365398407	0.005614002556953887	0.07472573976559	0.22537028339418322	0.5541737463099203	0.5538461538461539	13
SCH-529074	0.07846740380562636	0.007923521283147088	0.0886454330227402	-0.5719250174374151	0.3585993948735024	0.4703296703296703	13
SCH-79797	0.08043639420135208	0.008877060229859826	0.09385707052977274	-0.7335934480735993	0.6066286467333188	0.5648351648351648	13
SELISISTAT	0.037223141467182454	0.002404621834301318	0.049000662965259574	-0.12442375738433746	0.3223759222761629	0.4615384615384615	13
SELUMETINIB	0.0681764187408374	0.008890408942947617	0.0938409815145608	-0.07375481930798282	0.22338717700138883	0.2582417582417582	13
SEMAGACESTAT	0.07941167753347067	0.010580468426477195	0.10263723379842556	-0.4060073132388208	0.29433281190802385	0.24725274725274726	13
SEPANTRONIUM BROMIDE	0.08236068124154898	0.012292726492331287	0.11077809629096529	-1.079998234226353	-0.15768011336359153	-0.31758241758241756	13
SERDEMETAN	0.08979846501201849	0.017115346372559237	0.13066957358668843	-0.021140830599926795	0.30357454290203084	0.3549450549450549	13
SGX-523	0.03480898415028279	0.0019207083899350607	0.04380418021211149	0.07861564541341493	0.4344961658689012	0.6087912087912087	13
SID 26681509	0.037122552109551246	0.0021140885410360676	0.045791915751452764	0.2095188997251638	0.615449726327532	0.5131466737094914	26
SILDENAFIL	0.04196943347746408	0.0024557469808049216	0.04894913600519095	-0.4745440422890339	0.4032782355590648	0.289010989010989	13
SILMITASERTIB	0.044716049121273485	0.003130219227526221	0.05554012810454292	0.0038248663891765843	0.40023317881476494	0.4329670329670329	13
SIMVASTATIN	0.12493123981098028	0.019996741855636067	0.14122041148258072	0.11038673436165869	0.5140280396862271	0.4164835164835165	13
SIROLIMUS	0.12109564218088295	0.01858831533283762	0.13589225457637313	-0.10822447403459912	0.09388262877351203	0.06483516483516483	13
SITAGLIPTIN	0.0254926750216308	0.0011717465279996128	0.033859706860132746	-0.21239141642788187	0.5288630375961676	0.5648351648351648	13
SJ-172550	0.05369168771723086	0.004877313556580627	0.06972249167829554	-1.6397373531485442	0.31161054518119125	0.4	13
SKI-II	0.07144677945854187	0.007605244545058609	0.08682691109718288	-0.06312519909579377	0.34274378752192425	0.31318681318681313	13
SMER-3	0.12566848531829466	0.02439884995569524	0.1560068815820102	-0.09093480858903524	-0.0006666826291771788	0.025274725274725268	13
SN-38	0.1195718993383921	0.02371033599677452	0.15393143845251944	-0.08960481010198618	0.1051464641710024	0.07472527472527471	13
SNS-032	0.13947445737618666	0.028587448954841953	0.16893385681708795	-0.21749074148114955	0.1346376374222642	0.10549450549450552	13
SONIDEGIB	0.03168584977990077	0.0016319027787267339	0.040363045478306235	0.25766323686745113	0.653426972292191	0.6571428571428571	13
SORAFENIB	0.06034392200219705	0.0068739911600438405	0.08268227691046678	0.08880261134982075	0.333462252495119	0.4032967032967033	13
SOTRASTAURIN	0.10015372931522956	0.021484580800745775	0.14651603508760336	-0.11692463282244776	-0.008509463906293285	-0.02747252747252748	13
SPAUTIN-1	0.07925965885762434	0.009253907769023401	0.096000317402469	-0.0736931856413765	0.36003924007916777	0.3505494505494505	13
SR-8278	0.05214796761393311	0.004055326867639582	0.06326997081323772	-0.40849989630961236	0.45994432175128264	0.5571428571428572	13
SRT-1720	0.1110983054820391	0.01632924195091276	0.12719708604756294	-2.7874571232479513	0.24847918244388462	0.2945054945054945	13
STF-31	0.13571495068366712	0.02929881229605894	0.17092329153156963	0.09775279887538627	0.35416194506994264	0.4813186813186813	13
SU11274	0.07549865848864774	0.008151542570530548	0.08980845796161192	0.09365875254901038	0.4692209358027557	0.4835164835164834	13
SUNITINIB	0.047697274564162694	0.0034751437900689165	0.058370771881707625	-0.5075022670521684	0.06749414075201347	0.10109890109890111	13
TACROLIMUS	0.03714230638870826	0.002006597425618366	0.04459026772152756	-0.7689022905477094	0.4308465673105693	0.48901098901098905	13
TAMATINIB	0.06476121108417146	0.007667665772396344	0.0875609190813176	-0.4258478868503575	0.091643610701368	0.07362637362637363	13
TAMOXIFEN	0.07796265228089626	0.017666739890551574	0.1324339306209839	0.009294833958122539	0.27895152962987896	0.43076923076923085	13
TANDUTINIB	0.03482158188858179	0.0018462124992904949	0.04276423099263758	-0.18493935983190718	0.5035895575138808	0.4923076923076922	13
TEMOZOLOMIDE	0.03888906643186936	0.0023496030126907005	0.04838937334991002	-1.1666100639377683	0.2802238656139172	0.2725274725274725	13
TEMSIROLIMUS	0.11863061212128859	0.023168343025879935	0.15203619000335872	-0.20713427275827315	-0.023639419043032416	0.014285714285714285	13
TENIPOSIDE	0.1157216543045411	0.018919037116765635	0.13734244535792098	-0.14987591818774235	0.1034672348252654	0.14285714285714288	13
TG-100-115	0.03983370969551893	0.002922603336428572	0.053857173907352195	-0.7817619537477147	0.14437439527837037	0.09670329670329669	13
TG-101348	0.15948735074702777	0.035134134175966406	0.1852896669093807	-1.0222815086210055	-0.16505184978686424	0.1131868131868132	13
TGX-221	0.08174717206306825	0.009989317911067282	0.09985928539778668	-0.30804525990002857	-0.10864203394293936	0.03846153846153846	13
THALIDOMIDE	0.09983449973449708	0.013870659600398485	0.11770137787139623	-17.133608208685352	-0.19974046902342685	-0.12417582417582418	13
TIPIFARNIB	0.05611483404927986	0.0045534532125319676	0.06735134709396204	-0.2059614826579544	0.5226683465107682	0.6351648351648352	13
TIPIFARNIB-P1	0.08750143358475024	0.01535677797481988	0.12387844391527811	-0.30410944254705896	0.4017706641061391	0.4461538461538462	13
TIVANTINIB	0.055870112035555475	0.005764115703260017	0.07582817571656769	0.024962584127128862	0.6660589855466719	0.6736263736263737	13
TIVOZANIB	0.06006888743238266	0.00510623932783588	0.07139002128792808	-0.3585342769253171	0.0549111528336655	-0.07142857142857142	13
TOPOTECAN	0.1038026842406713	0.024371605072605204	0.15599704529420022	-0.07195901078008275	0.16835426523645686	0.22087912087912084	13
TOSEDOSTAT	0.10416386897446558	0.017415989242206005	0.13192546014136486	0.19932197390228584	0.4587563686101544	0.27252747252747256	13
TPCA-1	0.0765932344731052	0.009791178121536882	0.09861430825529757	-0.9118149468766017	-0.5100163760139163	-0.4164835164835165	13
TRAMETINIB	0.08894708118451743	0.015329142489544312	0.12340536857559295	-0.2436378466834675	0.09374750622325895	0.13186813186813184	13
TRETINOIN	0.057653620640533886	0.004440398168615563	0.06651983022669303	-6.616116306018059	0.37260591827840805	0.4032967032967033	13
TRIFLUOPERAZINE	0.1356400225562866	0.03141837828537941	0.17698148934847144	0.05811670886507925	0.40865173320100984	0.24505494505494502	13
TRIPTOLIDE	0.18994408057990447	0.04355832505799505	0.20749460344488324	-0.7934915281199113	0.5188380215603412	0.05824175824175826	13
TW-37	0.13775399714495587	0.027130188895312442	0.1643316211719227	-0.4356319128307161	0.13204866713966593	0.11648351648351647	13
UNC 0638	0.06769088803022164	0.006109116657540106	0.0779364633435422	-0.44362344004370585	0.5001136070426954	0.6417582417582418	13
VALDECOXIB	0.028515959643725247	0.001458887146613216	0.03813169045049641	0.32792806018556886	0.6188792918678295	0.5648351648351648	13
VANDETANIB	0.05181418441330836	0.0043451781722927355	0.06576334410408824	0.10003059606859352	0.37427728818993067	0.4021978021978022	13
VELIPARIB	0.0335776568669862	0.0017798967237931903	0.04208813369746147	-1.213221957759711	0.32731118094858064	0.4043956043956044	13
VEMURAFENIB	0.026243790871188825	0.0010365974069356763	0.032085424295143064	-0.6180653183714082	0.4195913219352798	0.3747252747252747	13
VER-155008	0.08736474782852026	0.011974581660147888	0.1090679645429963	-1.9551657534158857	0.1037098269898575	0.03406593406593407	13
VINCRISTINE	0.16195812150107897	0.04023803197904992	0.19989835670993497	-0.03578248587717392	0.48074519388279047	0.45714285714285713	13
VORAPAXAR	0.11358517333513589	0.016442684382630267	0.12658511201089104	-6.442770799323827	0.40481083654176064	0.34395604395604396	13
VORINOSTAT	0.15335068803889937	0.04006217856402103	0.1998909025925156	-0.07806690262849787	0.12450829358407742	0.08461538461538462	13
VU0155056	0.06041150042413749	0.008338738304902097	0.0912485271317477	-0.08527600055118964	0.32078373388893083	0.4384615384615384	13
VX-680	0.050711077948258465	0.003622819643711305	0.06013564228580609	0.2588144694453855	0.5129651360566342	0.2989010989010989	13
WAY-362450	0.07431018220162391	0.00844630587858316	0.09170355483887446	-1.5268673033307114	0.4000828990517987	0.48241758241758237	13
WP1130	0.11393392833181426	0.017565300015083142	0.13239390288190267	-0.3285477076672821	0.5346075981729165	0.3065934065934066	13
WZ4002	0.08649140288727246	0.02465203589552318	0.15677404577828075	-0.22016719198476453	-0.07458408075484088	0.13516483516483516	13
WZ8040	0.0865355875539046	0.011303073412566231	0.1052735576735749	-0.6762653923615043	0.3883003940369479	0.221978021978022	13
XL765	0.041378355672856484	0.002933585362679179	0.053955453424613754	-0.4057447229998779	0.47003793726796905	0.6263736263736264	13
YK 4-279	0.029624702832580348	0.001358659674693527	0.0367261604786844	0.2990507956711424	0.7121684360319488	0.7318681318681319	13
YM-155	0.1036459675539457	0.016521608101750195	0.12844554580306716	-1.6437209189943753	-0.33245276249405775	-0.32087912087912085	13
ZEBULARINE	0.0836050839819017	0.008930158537597268	0.09413051237667161	-11.676145182742465	-0.026452521305200066	0.08461538461538462	13
ZSTK474	0.05948780742259759	0.0062971588425423134	0.07912765046529588	0.25188367598317996	0.5419220563320921	0.6703296703296704	13
